# Binary systems ID's begin with a '2'
ID Gmag (G_BPmag-G_RPmag) e_Gmag e_(G_BPmag-G_RPmag) M_ini1 M_ini2
20 18.084900344348057 0.8998212757197553 0.0030819844461557827 0.020455050211865305 1.9681950336389016 1.9681950336389016
21 17.892092223535283 0.8639631368761144 0.0029136607153849065 0.017725437485639525 2.0579796617345383 2.0579796617345383
22 17.953200960700762 0.8844974634652838 0.0029659896126351683 0.018552033827197906 2.0261982369842646 2.0261982369842646
23 16.561031460936217 0.8770526160263132 0.0019772029646433153 0.006137838803653477 2.566118205338212 2.566118205338212
24 16.083971834658193 1.8995259130674054 0.0017206801546344002 0.003961653499583374 2.793293191843328 2.793293191843328
25 18.44508354846304 0.9894931714413341 0.0034229135340600176 0.02662346232626493 1.802454706245574 1.802454706245574
26 18.374139241381663 0.9283038911342921 0.0033529032256472725 0.02528577839873981 1.8389125273633644 1.8389125273633644
27 17.292202877229332 0.824990122931332 0.0024465220129306214 0.01120369564799088 2.2928137640162958 2.2928137640162958
28 18.33149122166878 0.8934987749737812 0.003311507710116473 0.02451223402513206 1.8578278680352749 1.8578278680352749
29 16.017384567859324 1.9050460218951815 0.0016876268773985805 0.00371039194595998 2.8122275719034118 2.8122275719034118
210 16.253854306175032 1.8908361517709251 0.001807970634580252 0.004656852527385753 2.7511239968190733 2.7511239968190733
211 16.215813173149915 0.93665830892395 0.0017880469777763167 0.004494107221741285 2.6652038442056054 2.6652038442056054
212 18.998289555678372 1.0762065463563635 0.004021425592218036 0.03960383986704293 1.5980658051328538 1.5980658051328538
213 18.006450020430712 0.8741962684517082 0.003012353766095704 0.019300945249452993 2.0052897872686595 2.0052897872686595
214 18.168990251966992 0.8538516714597755 0.003158408904529014 0.021762646498667035 1.9311106519867929 1.9311106519867929
215 16.83226388809808 0.8355384108057671 0.0021397542370412983 0.0077300067087317965 2.466993434579221 2.466993434579221
216 18.307494989702654 0.9411654127787075 0.0032884412948949913 0.024086783348519564 1.8704659984387024 1.8704659984387024
217 16.93364736345322 0.8176722502624406 0.00220388817679004 0.008404946064321041 2.431426903579551 2.431426903579551
218 16.400784399855393 0.9070175321835348 0.0018870307260624422 0.005326627245337876 2.6083294868335423 2.6083294868335423
219 17.093716021304882 0.8269637461182412 0.0023090815283987563 0.00957028689085227 2.3804210535850725 2.3804210535850725
220 18.276216714744013 0.9631834490235182 0.0032586160392215303 0.023542573461835064 1.883325216224082 1.883325216224082
221 18.258362616373855 0.9091489399717257 0.0032417127776309157 0.02323709562302758 1.8884623458981586 1.8884623458981586
222 16.764065876397094 0.8434458448074702 0.002097666338262011 0.007301549330778942 2.4912662273173445 2.4912662273173445
223 17.102454889011064 0.8093836620881214 0.0023149669224862574 0.009637644476442405 2.375328987978832 2.375328987978832
224 18.770400458511006 1.0755489916903818 0.003763141984471313 0.03365864282802495 1.6888480122894065 1.6888480122894065
225 18.956699459366295 1.0771518758855432 0.00397300053412274 0.038448791272630685 1.6135283065150718 1.6135283065150718
226 17.016076242512543 0.816978971274295 0.002257445826501829 0.008989156729851473 2.4052761974197376 2.4052761974197376
227 18.637544358171255 0.9353842202166237 0.003620290792030739 0.030595897453359926 1.7378186323422726 1.7378186323422726
228 18.78075678564279 1.0211985978462774 0.003774511444485109 0.03390925182391979 1.6817167099006516 1.6817167099006516
229 17.896049885161656 0.8368304532956915 0.002917021620373307 0.01777793439047901 2.0513818616539563 2.0513818616539563
230 16.395616380808146 0.9046538510262351 0.0018841921243358262 0.005301912565020653 2.6095129648162567 2.6095129648162567
231 17.896502132208838 0.883051651102731 0.0029174059220084974 0.017783942304893267 2.0569699886053585 2.0569699886053585
232 18.511140849373245 0.9214053087508223 0.0034894148175279 0.027928552458374705 1.7856161902400325 1.7856161902400325
233 17.41562594862519 0.8319581776346733 0.002536079935292115 0.012336694933388275 2.2650199535497286 2.2650199535497286
234 18.05497797916966 0.878833469032592 0.003055238172200531 0.020007554366368276 1.9790311972595174 1.9790311972595174
235 17.20982639162198 0.8269923518549431 0.0023885150045637985 0.010498860735463605 2.328121428869811 2.328121428869811
236 16.168653511738704 1.8870427383914086 0.0017636521219210838 0.004298126042428326 2.7784162688309677 2.7784162688309677
237 18.782363352955244 1.0284724520144104 0.003776278253211054 0.033948287400240286 1.68136927225303 1.68136927225303
238 19.067521648224993 1.069679488273498 0.0041033479126641684 0.04160073780681002 1.5743891197006088 1.5743891197006088
239 19.268752591617798 1.141930143913332 0.004351062749203017 0.04797013073608239 1.5056343475765923 1.5056343475765923
240 17.238239755020338 0.8168048181058941 0.002408365773476736 0.0107375125629413 2.31471885945766 2.31471885945766
241 17.91080417805219 0.8702234481426134 0.0029295853874740786 0.017974898138968215 2.0440970485691636 2.0440970485691636
242 18.770398749473124 0.9754992642746482 0.0037631401110717107 0.03365860161754227 1.6840001317032167 1.6840001317032167
243 18.249702640007655 0.9002788287555638 0.003233545603381424 0.023090260544856037 1.8925542415436074 1.8925542415436074
244 16.215000285625916 0.9333545151800656 0.0017876236407991803 0.004490675443675761 2.6650532904849094 2.6650532904849094
245 18.83763276513184 1.0408640821611146 0.003837566574933689 0.03531757695688297 1.6596767744813918 1.6596767744813918
246 19.170463152577952 1.1785458138976461 0.004228254326896401 0.04474983416862523 1.549023159116134 1.549023159116134
247 15.088855070414542 2.1309876227895517 0.0012876905106957645 0.0011732002042417246 2.8812571735455816 2.8812571735455816
248 19.053199867402366 1.0355623249044692 0.004086265153477333 0.04117987669023592 1.5779926698204885 1.5779926698204885
249 16.918826612728186 0.8364320157185812 0.002194394140813422 0.00830334396230338 2.4379707566113584 2.4379707566113584
250 18.054483845965287 0.9067410132822489 0.0030547984422037654 0.020000240870196424 1.9812753964034002 1.9812753964034002
251 19.39562775383882 1.1677625434210124 0.004514876431239624 0.052459297285263044 1.4766704904749919 1.4766704904749919
252 16.750028785932773 0.8497172707224431 0.0020891067247153735 0.007215806690395704 2.4969539957776696 2.4969539957776696
253 17.648956797869424 0.8091241406236495 0.0027144433807218173 0.014757551903562621 2.149860485563022 2.149860485563022
254 16.73963495847936 0.8332550436126954 0.002082791234147188 0.007152844998116277 2.4988677335371317 2.4988677335371317
255 18.064836222492062 0.883652475555935 0.0030640242806075765 0.020153979116819386 1.9752807969673511 1.9752807969673511
256 18.59619058612642 0.9297584526512072 0.0035769423303432944 0.029697826569796745 1.749839198790047 1.749839198790047
257 19.339760549038555 1.1305599847603123 0.004441997488818191 0.0504346339494564 1.4888724383742675 1.4888724383742675
258 17.474528304057927 0.8352912878613421 0.00257996885873946 0.012911960747531712 2.2389903835247473 2.2389903835247473
259 18.267956890518075 0.9020549832346323 0.00325078517166911 0.023400788113615963 1.8832379780580675 1.8832379780580675
260 19.455523076644088 1.1504038232053937 0.004594338724759215 0.05471736338595922 1.452926248039332 1.452926248039332
261 17.04290236439526 0.817419879266531 0.0022751551271808146 0.009186479432223386 2.396903460361216 2.396903460361216
262 16.763188648766885 0.8325411319339954 0.002097130391732468 0.007296166889199766 2.490441622853496 2.490441622853496
263 18.92510410537891 1.0634860806694588 0.003936602903591612 0.03759295844090473 1.6328746143146273 1.6328746143146273
264 16.168633524850932 1.8959578693412575 0.0017636418539396929 0.004298044312138946 2.77956274330042 2.77956274330042
265 17.77503332666811 0.8233342928923061 0.0028159846105507013 0.016235072559116822 2.106520404481408 2.106520404481408
266 16.79821840425514 0.8502152243733611 0.0021186388066839657 0.007513623339749581 2.479908506261359 2.479908506261359
267 18.09000142631475 0.8897812050017231 0.003086567380995097 0.02053225334014875 1.9654498877592401 1.9654498877592401
268 19.307064501655347 1.1253546750453511 0.004399892329756564 0.0492850041452339 1.4932423825467858 1.4932423825467858
269 18.77444205168258 0.9473305302131652 0.0037675748760228377 0.03375623332746267 1.6808720233275616 1.6808720233275616
270 16.366992315890904 1.8925729479274647 0.0018685471294878355 0.005166591811801511 2.7235164655573283 2.7235164655573283
271 18.98184112598952 1.1029973953568042 0.004002203851372988 0.039143110531579275 1.6051146682018484 1.6051146682018484
272 19.684188211774433 1.1972131444491412 0.004910781573593879 0.06423848453781783 1.3861053339963885 1.3861053339963885
273 18.080143308575565 0.8574747074657681 0.003077716742696561 0.020383295728884972 1.9675211987074057 1.9675211987074057
274 17.871460514532824 0.8522601096838416 0.002896202572163708 0.017454048566420476 2.069358957764097 2.069358957764097
275 19.592018274425353 1.3253427690583073 0.004780689406719308 0.06022128609858161 1.4229681768470943 1.4229681768470943
276 19.343628038426708 1.2073992616397182 0.004447004520409158 0.0505723225304843 1.489248046365856 1.489248046365856
277 19.517763505066288 1.1779801977204136 0.004678394329539155 0.05716364535048285 1.439891046195576 1.439891046195576
278 19.736578096475583 1.2487943994123163 0.004986298506130646 0.0666369956463244 1.3687538497034821 1.3687538497034821
279 19.56262949001864 1.2533317860776962 0.004739937983439837 0.0589925770641175 1.4319788526872694 1.4319788526872694
280 17.75543676171297 0.8469536636047488 0.0027999558658949653 0.015996995278192122 2.1208489907001633 2.1208489907001633
281 15.868379746276434 1.9332470085409752 0.0016159442277551412 0.003187807550789056 2.851525330144626 2.851525330144626
282 20.04162945938841 1.2572016501087868 0.005449657749392596 0.08244083681286624 1.2858239131326867 1.2858239131326867
283 17.801149071526986 0.8661720119800158 0.0028374883447856523 0.016557337252358303 2.0914491418762493 2.0914491418762493
284 17.89177614368749 0.85700058535978 0.00291339246272864 0.01772125091144535 2.0573307088780544 2.0573307088780544
285 20.042722147175866 1.3957424126612143 0.005451392602360858 0.08250356192782686 1.28788380598291 1.28788380598291
286 16.680179039364518 0.8545395700359033 0.002047029898858969 0.006801138511219102 2.5210938574161115 2.5210938574161115
287 20.46359371710888 1.5911688527330563 0.006162407509123616 0.1104982709706375 1.187833279210232 1.187833279210232
288 20.205698151741295 1.356580511835897 0.0057164310640751646 0.09240254203468644 1.2460985208309447 1.2460985208309447
289 19.66048253085277 1.2306218357206675 0.0048769881110583575 0.06318103677439646 1.3954487947935867 1.3954487947935867
290 19.406646401102698 1.1680454455452187 0.004529390846296254 0.0528678089102515 1.4721560006394114 1.4721560006394114
291 18.96793136988976 1.076456648580962 0.0039860205389308755 0.038757504010238725 1.609301592672334 1.609301592672334
292 20.303706653686408 1.3175921455339457 0.005881981778974192 0.09890741089763037 1.2217883899697435 1.2217883899697435
293 19.30454136961016 1.1595814146327055 0.0043966597393483775 0.04919734888490522 1.4949332207094916 1.4949332207094916
294 17.623520394434657 0.8281972976446393 0.0026944052692066027 0.014474550712400867 2.1668584447900745 2.1668584447900745
