EDR3Name,_x,_y,RA_ICRS,DE_ICRS,Plx,e_Plx,pmRA,e_pmRA,pmDE,e_pmDE,Gmag,e_Gmag,BP-RP,e_BP-RP,V,eV,BV,eBV,UB,eUB,VI,eVI,probs_final,membs_select
Gaia EDR3 5538151012973218304,0.016017,-0.028508,118.6171235982,-38.24099011898,0.0711,0.0442,-1.296,0.044,2.204,0.049,16.45593,0.002809,0.751466,0.007741494041850061,16.603,0.022,0.356,0.027,-0.133,0.028,0.671,0.029,1.0,1
Gaia EDR3 5538151249186798848,0.027661,0.022058,118.63192383596,-38.19042131281,0.0831,0.5877,-1.316,0.566,2.23,0.553,20.300295,0.006582,1.694696,0.08937224335329173,20.732,0.036,0.897,0.063,,,1.421,0.047,0.94,1
Gaia EDR3 5538151012973220480,0.014423,-0.028044,118.61509317329,-38.24052730335,0.1097,0.0174,-1.293,0.018,2.2,0.02,14.610277,0.002767,1.757859,0.004945121333192948,15.213,0.02,1.235,0.024,0.891,0.029,1.618,0.03,1.0,1
Gaia EDR3 5538151047332948608,0.019566,-0.022622,118.6216400519,-38.23510353273,0.0767,0.032,-1.339,0.032,2.199,0.035,15.929303,0.002782,0.899624,0.005686205061374414,16.078,0.023,0.489,0.027,0.299,0.027,0.764,0.029,1.0,1
Gaia EDR3 5538151008672648320,0.014214,-0.026258,118.61482729297,-38.23874072777,0.1253,0.0363,-1.296,0.037,2.205,0.04,16.199411,0.002803,0.910419,0.006284786790337441,16.394,0.024,0.461,0.027,0.229,0.026,0.804,0.029,1.0,1
Gaia EDR3 5538150287113992704,0.019825,-0.027256,118.62197101193,-38.2397376868,0.1203,0.0612,-1.339,0.061,2.208,0.067,17.138771,0.002854,0.773882,0.00852181412611188,17.267,0.025,0.409,0.029,0.187,0.031,0.682,0.033,1.0,1
Gaia EDR3 5538150394494216320,0.032722,-0.023004,118.638389136,-38.23548068894,0.0463,0.1314,-1.278,0.132,2.205,0.143,18.454517,0.003166,0.918953,0.03579746102728516,18.624,0.027,0.511,0.033,0.407,0.042,0.837,0.039,1.0,1
Gaia EDR3 5538150291418706304,0.020998,-0.028744,118.62346501475,-38.24122529717,0.1349,0.0577,-1.328,0.057,2.196,0.062,17.055902,0.002839,0.766321,0.008368262065686041,17.183,0.025,0.404,0.029,0.201,0.034,0.698,0.033,1.0,1
Gaia EDR3 5538151287851135360,-0.003832,-0.007188,118.59185313767,-38.21967256097,0.0251,0.0553,-1.298,0.055,2.191,0.065,16.972763,0.002846,0.980539,0.009240108224474429,17.145,0.019,0.565,0.023,0.267,0.027,0.869,0.026,1.0,1
Gaia EDR3 5538151184771866496,0.033763,0.013598,118.63969327499,-38.19887842967,0.1136,0.1423,-1.25,0.147,2.187,0.155,18.546745,0.003252,1.313776,0.026430283407485437,18.805,0.026,0.751,0.032,0.555,0.051,1.091,0.044,0.99,1
Gaia EDR3 5538151047332952832,0.017454,-0.025689,118.61895228028,-38.23817141402,0.0278,0.0667,-1.306,0.068,2.246,0.075,17.380331,0.002889,0.820417,0.009243316504372226,17.543,0.037,0.426,0.041,0.356,0.034,0.78,0.041,1.0,1
Gaia EDR3 5538150257058978944,0.017491,-0.037385,118.61900263888,-38.24986701509,0.1513,0.0465,-1.321,0.045,2.229,0.05,16.649921,0.002814,0.723032,0.007093702065917345,16.756,0.026,0.371,0.031,0.159,0.031,0.634,0.033,1.0,1
Gaia EDR3 5538151322207201664,0.003266,0.008846,118.60088573704,-38.2036378815,0.0097,0.1454,-1.323,0.151,2.188,0.155,18.56059,0.003196,0.996923,0.032269179754062544,18.696,0.023,0.542,0.029,0.55,0.048,0.77,0.033,1.0,1
Gaia EDR3 5538150321473738496,0.047567,-0.023286,118.65728900386,-38.23575505423,0.1666,0.1039,-1.306,0.102,2.206,0.111,18.060215,0.003044,0.814243,0.016892184346614263,18.183,0.028,0.458,0.034,0.286,0.035,0.717,0.037,1.0,1
Gaia EDR3 5538150394494213888,0.03156,-0.019493,118.63690806037,-38.23197083573,0.059,0.1326,-1.229,0.134,2.204,0.139,18.373236,0.003178,0.898497,0.020558593653263346,18.508,0.027,0.483,0.033,0.353,0.048,0.739,0.038,1.0,1
Gaia EDR3 5538149531199686272,3.6e-05,-0.046774,118.59677610186,-38.25925817684,0.1625,0.0831,-1.327,0.083,2.182,0.088,17.650875,0.002939,0.861263,0.012465817622603018,17.672,0.031,0.501,0.038,0.37,0.038,0.684,0.038,1.0,1
Gaia EDR3 5538150188339493504,0.028739,-0.046145,118.63332954732,-38.25862343016,0.0635,0.0636,-1.333,0.061,2.118,0.068,17.212357,0.002869,0.892286,0.008434688672381454,17.361,0.026,0.494,0.032,0.251,0.035,0.812,0.034,1.0,1
Gaia EDR3 5538150252754254720,0.018935,-0.031925,118.62083976541,-38.24440671272,0.0115,0.0942,-1.253,0.095,2.221,0.105,17.913015,0.003005,0.942749,0.019920544821866695,18.008,0.03,0.557,0.035,0.328,0.038,0.785,0.038,1.0,1
Gaia EDR3 5538149982181067904,0.031921,-0.058709,118.63738941191,-38.27118653704,0.1287,0.0365,-1.357,0.038,2.13,0.04,16.060968,0.002819,1.787724,0.006808510556648936,16.621,0.026,1.297,0.033,0.768,0.038,1.643,0.032,1.0,1
Gaia EDR3 5538151012973229824,0.005648,-0.027661,118.6039215596,-38.24014541465,0.1524,0.0301,-1.285,0.03,2.274,0.034,15.794518,0.002791,1.959318,0.007428062264143994,16.478,0.024,1.511,0.029,1.359,0.043,1.754,0.029,1.0,1
Gaia EDR3 5538151012973228672,0.005079,-0.02574,118.60319625867,-38.23822411203,0.0793,0.0343,-1.374,0.034,2.293,0.039,16.001564,0.002791,0.865437,0.007105389503749953,16.152,0.021,0.446,0.025,0.251,0.029,0.746,0.025,1.0,1
Gaia EDR3 5538151081692712960,-0.002001,-0.024619,118.59418202393,-38.23710336646,0.0716,0.0654,-1.385,0.065,2.288,0.077,17.248484,0.002859,0.844051,0.009197905196293338,17.336,0.022,0.528,0.027,0.287,0.03,0.725,0.028,1.0,1
Gaia EDR3 5538151047332948480,0.019986,-0.023355,118.62217518863,-38.23583624979,0.181,0.0961,-1.262,0.098,2.244,0.105,17.97216,0.002993,0.76848,0.025473035782960774,18.09,0.037,0.383,0.042,0.086,0.037,0.663,0.044,1.0,1
Gaia EDR3 5538150355833509888,0.047717,-0.012683,118.65747118054,-38.22515175588,0.0834,0.0774,-1.412,0.077,2.149,0.083,17.604395,0.002906,0.818872,0.012395073376144249,17.77,0.026,0.411,0.031,0.303,0.036,0.774,0.036,1.0,1
Gaia EDR3 5538151043030320000,0.017866,-0.018984,118.61947451291,-38.23146563434,0.0823,0.1994,-1.197,0.21,2.169,0.21,19.070215,0.003629,0.970306,0.035939196499087174,19.243,0.032,0.604,0.038,0.553,0.061,0.908,0.044,1.0,1
Gaia EDR3 5538150291415016704,0.026581,-0.018662,118.6305684683,-38.23114156623,0.1125,0.1215,-1.417,0.129,2.25,0.136,18.348576,0.003117,0.824146,0.01783076456577227,18.507,0.03,0.431,0.035,0.388,0.042,0.762,0.04,1.0,1
Gaia EDR3 5538150257058987520,0.017482,-0.052178,118.61899567674,-38.26465981985,0.1646,0.1122,-1.294,0.114,2.117,0.124,18.22435,0.003068,0.89262,0.02116475532577686,18.331,0.031,0.508,0.038,0.359,0.047,0.827,0.039,1.0,1
Gaia EDR3 5538150188339499008,0.025342,-0.047529,118.62900471676,-38.2600093691,0.0284,0.0613,-1.252,0.06,2.299,0.068,17.139042,0.002863,0.816795,0.008549446063927183,17.249,0.029,0.437,0.035,0.228,0.032,0.744,0.034,1.0,1
Gaia EDR3 5538151012973220736,0.012878,-0.025503,118.61312624455,-38.23798572188,0.0822,0.0387,-1.325,0.038,2.08,0.042,16.31328,0.002801,0.876226,0.006013665521127693,16.486,0.023,0.454,0.027,0.199,0.025,0.766,0.029,1.0,1
Gaia EDR3 5538150252754209920,0.022341,-0.040504,118.62518022356,-38.25298457847,0.0735,0.1054,-1.214,0.105,2.12,0.115,18.131216,0.003067,0.843477,0.018439349147949882,18.252,0.03,0.497,0.036,0.348,0.038,0.767,0.038,1.0,1
Gaia EDR3 5538151012973227520,0.006264,-0.024743,118.60470473773,-38.23722726187,0.0491,0.1509,-1.312,0.151,2.329,0.165,18.670673,0.003261,1.042296,0.02834294878801428,18.894,0.028,0.597,0.035,0.482,0.056,0.937,0.04,1.0,1
Gaia EDR3 5538150257055345408,0.022055,-0.041117,118.624815633,-38.2535979087,-0.0256,0.2511,-1.28,0.245,2.277,0.262,19.315773,0.003893,0.966862,0.07819043875052754,19.53,0.041,0.633,0.052,0.427,0.108,1.064,0.05,1.0,1
Gaia EDR3 5538151180467257472,0.036531,-0.002818,118.64322591169,-38.21529343432,0.0599,0.1818,-1.257,0.19,2.083,0.19,18.90918,0.003493,0.969147,0.03327548384321406,19.071,0.029,0.538,0.036,0.448,0.06,0.82,0.041,1.0,1
Gaia EDR3 5538150291418699904,0.023107,-0.022054,118.62614722293,-38.2345343098,0.0458,0.0834,-1.185,0.085,2.242,0.092,17.755146,0.002943,0.810648,0.016753037127637482,17.842,0.026,0.425,0.031,0.223,0.033,0.607,0.039,1.0,1
Gaia EDR3 5538151283546434176,-0.008917,-0.015236,118.58537920986,-38.22771967063,0.0936,0.1605,-1.277,0.16,2.071,0.18,18.706205,0.003293,1.010733,0.024969134966994752,18.866,0.028,0.63,0.035,0.479,0.053,0.894,0.038,1.0,1
Gaia EDR3 5538151390930454784,-0.011886,0.015073,118.58160559443,-38.19741082692,-0.0425,0.1799,-1.367,0.212,2.199,0.207,18.806091,0.003401,1.000496,0.030685542931484854,18.919,0.022,0.509,0.029,0.472,0.047,0.765,0.036,0.98,1
Gaia EDR3 5538151047332956288,0.011064,-0.018748,118.61081452873,-38.23123131041,0.0511,0.057,-1.166,0.056,2.244,0.059,16.633114,0.002901,0.951663,0.02933292595361056,16.791,0.027,0.513,0.034,0.289,0.033,0.813,0.032,1.0,1
Gaia EDR3 5538150287113993216,0.020232,-0.025678,118.62248861133,-38.23815905448,0.1924,0.1283,-1.416,0.129,2.215,0.143,18.459614,0.003145,0.988428,0.03025851351272894,18.59,0.028,0.59,0.034,0.387,0.047,0.866,0.037,1.0,1
Gaia EDR3 5538150287113989760,0.027305,-0.025758,118.63149367255,-38.23823691516,0.029,0.1023,-1.277,0.102,2.346,0.117,17.969933,0.003005,0.795033,0.024040593524287206,18.088,0.027,0.485,0.033,0.325,0.043,0.701,0.038,1.0,1
Gaia EDR3 5538151146107504256,0.023978,-0.007677,118.62725008233,-38.22015769867,0.22,0.2452,-1.243,0.254,2.245,0.269,19.404995,0.003999,1.217281,0.05009595369887672,19.765,0.029,0.745,0.039,0.48,0.105,1.183,0.04,1.0,1
Gaia EDR3 5538149531199718528,0.004074,-0.034885,118.60191808093,-38.24736922855,0.1308,0.2453,-1.167,0.255,2.158,0.275,19.267548,0.003895,1.185774,0.047936323690913135,19.444,0.039,0.769,0.048,0.361,0.081,0.978,0.05,1.0,1
Gaia EDR3 5538151214826992512,0.018556,-0.003628,118.62034799811,-38.21611044854,-0.0364,0.0756,-1.367,0.08,2.289,0.088,17.559507,0.002913,0.905029,0.011720214033881805,17.745,0.023,0.44,0.027,0.339,0.031,0.819,0.032,1.0,1
Gaia EDR3 5538150291415052928,0.022681,-0.027313,118.6256072989,-38.23979339139,0.0402,0.1853,-1.22,0.198,2.081,0.203,19.016224,0.003696,0.952742,0.035415323025492794,19.216,0.036,0.558,0.042,0.501,0.069,0.907,0.043,1.0,1
Gaia EDR3 5538151081692698496,0.004787,-0.011694,118.60282300973,-38.22417836609,0.0579,0.0676,-1.348,0.068,2.372,0.075,17.390251,0.002882,0.882889,0.009244234581618967,17.528,0.023,0.49,0.027,0.212,0.032,0.763,0.031,1.0,1
Gaia EDR3 5538150257058978432,0.015456,-0.032972,118.61640997354,-38.24545423405,0.1077,0.0127,-1.337,0.013,2.032,0.014,13.690207,0.002815,2.588937,0.005591972281762491,14.889,0.021,1.969,0.026,1.55,0.036,2.51,0.03,1.0,1
Gaia EDR3 5538151420985492096,0.005484,0.023024,118.60370715191,-38.1894600245,-0.0844,0.3578,-1.368,0.385,2.223,0.422,19.791342,0.004954,1.415995,0.07590134702362007,20.077,0.032,0.798,0.047,0.569,0.175,1.103,0.045,0.98,1
Gaia EDR3 5538151008668500352,0.002553,-0.028258,118.59998033666,-38.24074252128,0.2279,0.0905,-1.213,0.091,2.25,0.103,17.85274,0.00297,0.955111,0.01445170232187198,18.021,0.029,0.516,0.035,0.358,0.036,0.86,0.037,1.0,1
Gaia EDR3 5538151043028251392,0.022556,-0.020788,118.62544553946,-38.2332688592,-0.0375,0.0846,-1.298,0.089,2.351,0.093,17.776844,0.002977,0.891611,0.01048877581036033,17.939,0.026,0.508,0.031,0.387,0.035,0.777,0.035,1.0,1
Gaia EDR3 5538149771717897984,-0.01986,-0.030589,118.57144328417,-38.24307024527,-0.0014,0.1451,-1.478,0.144,2.161,0.151,18.537853,0.00321,0.987928,0.0223291631952476,18.621,0.035,0.627,0.042,0.495,0.053,0.777,0.043,0.98,1
Gaia EDR3 5538149531199694592,0.005773,-0.044037,118.60408211489,-38.2565212214,0.0479,0.1351,-1.164,0.146,2.333,0.16,18.507854,0.003275,0.913298,0.03099328682150378,18.61,0.032,0.571,0.039,0.369,0.045,0.855,0.04,1.0,1
Gaia EDR3 5538151111747770880,0.012111,-0.006217,118.61214462239,-38.21870002715,0.1335,0.2814,-1.478,0.282,2.294,0.295,19.486195,0.0044,1.308718,0.054535101833589714,19.729,0.03,0.849,0.042,0.346,0.093,1.108,0.039,1.0,1
Gaia EDR3 5538151081692704128,0.004741,-0.021764,118.60276525652,-38.23424839577,0.0023,0.1767,-1.408,0.175,2.362,0.185,18.789455,0.003478,0.950521,0.030615825727881324,18.962,0.028,0.558,0.033,0.46,0.054,0.866,0.036,1.0,1
Gaia EDR3 5538151077387983360,-0.003939,-0.021999,118.59171477291,-38.2344829638,0.054,0.1439,-1.139,0.145,2.087,0.163,18.497702,0.003203,1.325562,0.024643557880306165,18.8,0.027,0.79,0.035,0.445,0.056,1.192,0.033,1.0,1
Gaia EDR3 5538151111747771392,0.009572,-0.005757,118.60891342174,-38.21824053917,0.0876,0.346,-1.447,0.325,2.045,0.398,19.6934,0.004526,1.539535,0.058928664417242656,20.029,0.036,0.991,0.053,0.167,0.121,1.275,0.045,1.0,1
Gaia EDR3 5538149599919227392,-0.003965,-0.024996,118.59168186928,-38.23748039467,0.2662,0.1038,-1.297,0.103,2.311,0.119,18.043358,0.003043,0.927958,0.01730361179060603,18.17,0.026,0.52,0.031,0.42,0.034,0.802,0.035,1.0,1
Gaia EDR3 5538148740927795584,0.005753,-0.067976,118.60405841987,-38.2804600303,0.1168,0.1034,-1.358,0.106,2.41,0.119,18.055527,0.003048,0.991528,0.018021637883388956,18.176,0.032,0.604,0.042,0.345,0.044,0.927,0.037,0.98,1
Gaia EDR3 5538150321473737984,0.044097,-0.023422,118.65287061686,-38.235893448,0.2445,0.1576,-1.394,0.153,2.092,0.169,18.428415,0.003351,1.173744,0.025029704852434838,18.639,0.026,0.673,0.033,0.581,0.047,1.049,0.034,1.0,1
Gaia EDR3 5538151047329264384,0.022645,-0.013024,118.6255561653,-38.22550436642,-0.0133,0.1352,-1.318,0.139,2.404,0.156,18.324669,0.003563,0.973848,0.022549738313337474,18.454,0.026,0.605,0.031,0.482,0.038,0.87,0.035,1.0,1
Gaia EDR3 5538149806077678720,-0.020476,-0.016949,118.57066368123,-38.2294304209,0.0583,0.1598,-1.138,0.168,2.049,0.19,18.759356,0.003396,0.946774,0.03323376007917251,18.849,0.033,0.604,0.041,0.431,0.055,0.796,0.042,1.0,1
Gaia EDR3 5538151081692708736,0.00012,-0.02049,118.59688333538,-38.23297472004,0.2928,0.1822,-1.406,0.175,2.267,0.187,18.807621,0.003376,1.896788,0.04747137479576508,19.404,0.03,1.382,0.044,,,1.689,0.037,1.0,1
Gaia EDR3 5538151043028272768,0.013884,-0.017832,118.61440477975,-38.23031505804,0.1823,0.1612,-1.422,0.159,2.393,0.175,18.779528,0.00338,0.91968,0.026404717798151147,18.892,0.03,0.549,0.036,0.45,0.058,0.777,0.04,1.0,1
Gaia EDR3 5538149496842073728,-0.012864,-0.054284,118.58034555337,-38.26676754156,0.0175,0.1229,-1.224,0.129,2.434,0.129,18.309134,0.003146,1.040422,0.02117404082833506,18.442,0.033,0.679,0.041,0.444,0.047,0.975,0.041,0.98,1
Gaia EDR3 5538149531201817600,0.002083,-0.047651,118.59938281724,-38.26013528017,0.2294,0.2372,-1.383,0.24,2.399,0.26,19.287632,0.003863,1.115639,0.05584865163099285,19.465,0.041,0.733,0.052,0.389,0.094,1.018,0.052,1.0,1
Gaia EDR3 5538150218394492160,0.033232,-0.035748,118.63904534661,-38.24822427065,-0.0984,0.2205,-1.475,0.217,2.142,0.232,19.202131,0.003803,1.34491,0.034292118103144344,19.508,0.036,0.883,0.046,0.247,0.076,1.199,0.046,1.0,1
Gaia EDR3 5538150733790659200,0.058964,-0.003067,118.67177707308,-38.21552758814,-0.0144,0.2032,-1.074,0.197,2.234,0.207,18.885414,0.00356,0.983011,0.029281189354259503,19.066,0.029,0.664,0.035,0.47,0.073,0.93,0.042,0.95,1
Gaia EDR3 5538151012969607936,0.007831,-0.024668,118.60669979636,-38.23715210788,0.1325,0.2123,-1.075,0.207,2.31,0.239,19.164433,0.003652,1.010845,0.03773310674990863,19.41,0.033,0.599,0.04,0.569,0.069,0.947,0.045,1.0,1
Gaia EDR3 5538151047329313536,0.016767,-0.024793,118.6180773151,-38.23727501181,0.2142,0.1313,-1.519,0.135,2.115,0.147,18.514545,0.003197,0.998282,0.022701344035100653,18.683,0.03,0.595,0.035,0.469,0.05,0.879,0.04,1.0,1
Gaia EDR3 5538151489704981888,0.005063,0.025287,118.60317158711,-38.18719750839,-0.1231,0.1846,-1.473,0.194,2.195,0.211,18.907885,0.003566,1.021133,0.03497947115094795,19.056,0.021,0.595,0.029,0.582,0.06,0.83,0.03,0.95,1
Gaia EDR3 5538150291415066752,0.02056,-0.030424,118.62290781266,-38.24290565439,-0.0246,0.1046,-1.186,0.106,1.997,0.117,18.099344,0.003002,0.920349,0.03951043721600661,18.216,0.03,0.517,0.036,0.24,0.085,0.747,0.04,1.0,1
Gaia EDR3 5538151047329319168,0.017101,-0.027693,118.61850324622,-38.24017498198,-0.0682,0.3199,-1.335,0.318,2.425,0.356,19.742823,0.004674,1.27648,0.0682681645278383,20.223,0.05,0.617,0.066,0.327,0.12,1.369,0.058,1.0,1
Gaia EDR3 5538151047329302912,0.017143,-0.020107,118.61855383237,-38.23258905265,-0.02,0.3093,-1.159,0.33,2.004,0.33,19.714653,0.004605,1.2801,0.06699460220793911,19.968,0.035,0.805,0.052,0.434,0.138,1.152,0.046,1.0,1
Gaia EDR3 5538150360134422400,0.045419,-0.019069,118.65455031771,-38.23153873598,0.1131,0.291,-1.549,0.293,2.329,0.283,19.457829,0.004219,,,19.704,0.038,0.759,0.05,0.29,0.115,1.3,0.046,1.0,1
Gaia EDR3 5538151047329324160,0.011135,-0.019163,118.61090558149,-38.2316462069,0.1803,0.0993,-1.061,0.093,2.13,0.087,17.42352,0.003057,,,17.55,0.037,0.529,0.048,0.296,0.056,0.749,0.045,1.0,1
Gaia EDR3 5538151146109541376,0.025632,-0.006796,118.62935566347,-38.21927607274,0.2468,0.0952,-1.533,0.098,2.202,0.107,17.98545,0.003024,0.840822,0.017648939259910214,18.106,0.024,0.41,0.028,0.32,0.034,0.711,0.032,1.0,1
Gaia EDR3 5538151287851138688,-0.006919,-0.007542,118.58792284556,-38.22002579853,0.033,0.4216,-1.275,0.418,1.933,0.457,20.01013,0.005558,1.289721,0.09697987022573293,20.252,0.037,0.797,0.057,,,1.133,0.047,1.0,1
Gaia EDR3 5538151111747759488,0.007351,-0.010076,118.60608731573,-38.22255964573,0.2837,0.143,-1.507,0.146,2.183,0.157,18.604618,0.003247,1.056076,0.025996869503846033,18.781,0.027,0.592,0.034,0.507,0.047,0.879,0.037,1.0,1
Gaia EDR3 5538149535504486912,0.001109,-0.031889,118.59814156187,-38.24437281454,0.3163,0.0809,-1.151,0.085,2.163,0.091,17.580984,0.002933,0.919121,0.011206033598022094,17.728,0.027,0.521,0.033,0.281,0.036,0.812,0.035,1.0,1
Gaia EDR3 5538151077388006144,0.001881,-0.01437,118.59912496399,-38.22685429526,0.1432,0.17,-1.339,0.173,1.926,0.19,18.870283,0.003419,1.086363,0.03524510419902316,19.051,0.033,0.672,0.039,0.494,0.056,0.971,0.04,1.0,1
Gaia EDR3 5538150394494208256,0.033108,-0.018865,118.63887835808,-38.23134183102,0.2012,0.0941,-1.048,0.096,2.164,0.1,17.890907,0.002988,0.810358,0.013774720505331496,18.025,0.027,0.435,0.032,0.355,0.035,0.713,0.036,1.0,1
Gaia EDR3 5538151283546461952,-0.000763,-0.006067,118.59575905843,-38.21855169142,0.3675,0.1923,-1.313,0.192,2.142,0.229,18.953773,0.003414,1.641922,0.036461976166960564,19.418,0.029,1.104,0.043,0.609,0.119,1.517,0.037,0.99,1
Gaia EDR3 5538151111747752192,0.010702,-0.012413,118.61035352278,-38.22489694637,-0.0637,0.1275,-1.228,0.129,2.448,0.154,18.397116,0.00313,1.071112,0.021511912095394964,18.597,0.028,0.63,0.033,0.485,0.044,0.953,0.035,1.0,1
Gaia EDR3 5538151219131617152,0.023838,0.010037,118.62706546183,-38.20244356505,0.0927,0.1399,-1.436,0.146,2.476,0.158,18.537449,0.003213,1.055208,0.02587183234716861,18.747,0.026,0.58,0.03,0.567,0.051,0.908,0.035,0.99,1
Gaia EDR3 5538151012969602944,0.013706,-0.032389,118.61418172541,-38.24487217169,0.1869,0.1372,-1.025,0.141,2.233,0.154,18.584604,0.003217,0.965656,0.03269762957769263,18.719,0.032,0.555,0.039,0.43,0.051,0.95,0.04,1.0,1
Gaia EDR3 5538150291418708224,0.020723,-0.030927,118.62311546923,-38.24340856554,-0.0778,0.1402,-1.235,0.143,2.455,0.15,18.518732,0.00328,,,18.74,0.048,0.634,0.057,,,0.957,0.053,1.0,1
Gaia EDR3 5538150291415027200,0.024835,-0.019771,118.62834595213,-38.23225084213,0.2545,0.1313,-1.194,0.141,1.976,0.147,18.46518,0.003216,0.822268,0.021729726183272537,18.575,0.027,0.452,0.031,0.419,0.039,0.713,0.038,1.0,1
Gaia EDR3 5538149496839939072,-0.005108,-0.049256,118.5902244064,-38.26174041437,0.3785,0.1977,-1.383,0.189,2.258,0.217,18.957449,0.003633,1.115459,0.03161452623399567,19.085,0.036,0.72,0.044,0.513,0.062,1.021,0.043,0.99,1
Gaia EDR3 5538150016537119744,0.045501,-0.057953,118.65468570675,-38.27042341833,0.0601,0.6722,-1.418,0.691,1.915,0.695,20.491611,0.007302,1.446598,0.18036658863825086,20.778,0.057,0.783,0.093,,,1.292,0.069,0.99,1
Gaia EDR3 5538150394497905536,0.031873,-0.022718,118.63730745296,-38.23519547648,-0.1994,0.1454,-1.43,0.187,2.26,0.122,18.11627,0.003522,,,17.325,0.037,0.442,0.047,0.312,0.046,0.457,0.048,1.0,1
Gaia EDR3 5538151146107498112,0.023544,-0.011093,118.62669923437,-38.22357333723,0.035,0.115,-1.253,0.119,1.898,0.128,18.312468,0.003128,0.813332,0.015888957832406757,18.471,0.023,0.407,0.028,0.386,0.04,0.724,0.035,1.0,1
Gaia EDR3 5538150115315255552,0.057319,-0.041571,118.66972231106,-38.2540323611,0.1057,0.1226,-1.141,0.121,2.474,0.141,18.351126,0.003073,0.892178,0.02360099754247689,18.513,0.03,0.462,0.037,0.381,0.044,0.818,0.039,0.97,1
Gaia EDR3 5538150218394473472,0.039408,-0.04044,118.64691259685,-38.25291316769,0.396,0.231,-1.254,0.225,2.291,0.242,19.165548,0.003925,1.003401,0.03953157434254295,19.33,0.034,0.653,0.042,0.583,0.089,0.972,0.045,0.95,1
Gaia EDR3 5538151111747795072,0.007734,0.001368,118.60657314251,-38.21111599295,-0.0893,0.2055,-1.535,0.207,2.377,0.22,19.096985,0.003637,1.352898,0.03757775022536607,19.414,0.031,0.799,0.042,0.413,0.081,1.18,0.041,1.0,1
Gaia EDR3 5538150252754195456,0.01979,-0.047894,118.62193374012,-38.26037560842,0.2182,0.1173,-1.307,0.129,2.524,0.134,18.252695,0.003131,0.958361,0.024506115257216923,18.401,0.031,0.583,0.038,0.482,0.044,0.872,0.04,1.0,1
Gaia EDR3 5538148779591118592,0.013008,-0.052409,118.61329754753,-38.26489223142,0.1111,0.1247,-1.42,0.124,1.876,0.137,18.338306,0.00314,0.859549,0.02171867677829384,18.454,0.03,0.508,0.037,0.339,0.046,0.792,0.04,1.0,1
Gaia EDR3 5538149806077671808,-0.009719,-0.019594,118.58435665957,-38.23207799513,0.3006,0.1039,-1.051,0.107,2.071,0.113,18.055632,0.003077,1.531174,0.019315561084265714,18.459,0.024,1.059,0.03,0.631,0.063,1.349,0.033,0.97,1
Gaia EDR3 5538150252756327296,0.011829,-0.040101,118.61179278603,-38.25258462423,0.3428,0.2739,-1.109,0.326,2.372,0.325,19.44085,0.004225,1.591867,0.061385036947125805,19.831,0.038,1.079,0.056,0.42,0.15,1.375,0.049,0.98,1
Gaia EDR3 5538151111747766912,0.003821,-0.007202,118.60159402784,-38.21968621548,0.1083,0.0901,-1.597,0.091,1.977,0.099,17.847557,0.002951,1.437181,0.020141016980281805,18.218,0.025,0.964,0.031,0.533,0.053,1.289,0.033,1.0,1
Gaia EDR3 5538150257055843328,0.019436,-0.045274,118.62148196282,-38.25775594925,0.2587,0.9696,-1.614,0.784,2.333,0.878,20.626656,0.008297,1.372257,0.13479905344252235,20.825,0.06,0.962,0.091,,,1.225,0.079,1.0,1
Gaia EDR3 5538149874797180800,-0.018879,-0.008121,118.57269950678,-38.22060269078,0.4197,0.223,-1.163,0.231,2.122,0.26,19.232561,0.003771,1.128193,0.05135507316711758,19.421,0.03,0.672,0.038,0.455,0.069,1.022,0.041,0.94,1
Gaia EDR3 5538151317908235136,0.000514,-0.003501,118.59738367053,-38.21598577434,0.4438,0.3935,-1.41,0.386,2.138,0.399,19.90835,0.005027,1.600569,0.09362203634294651,20.41,0.037,1.129,0.065,,,1.548,0.05,0.96,1
Gaia EDR3 5538151111747750656,0.008622,-0.012749,118.60770548845,-38.22523321027,-0.0164,0.1906,-1.182,0.189,2.552,0.224,18.984196,0.003527,1.268434,0.034164639278060585,19.278,0.033,0.711,0.042,0.526,0.097,1.117,0.043,1.0,1
Gaia EDR3 5538151047332941184,0.019579,-0.010267,118.6216516867,-38.22274835555,0.282,0.0339,-1.232,0.035,1.885,0.038,16.09145,0.002791,1.83449,0.006122682826996675,16.707,0.024,1.347,0.028,1.146,0.033,1.649,0.035,1.0,1
Gaia EDR3 5538151077387979648,0.001491,-0.023411,118.59862825178,-38.23589502899,0.2257,0.2942,-1.338,0.278,2.57,0.315,19.505312,0.004432,1.560226,0.0588289078769953,19.888,0.041,1.025,0.058,0.63,0.161,1.353,0.048,1.0,1
Gaia EDR3 5538149535500893440,0.004074,-0.036408,118.60191735471,-38.24889268521,-0.1055,1.6353,-1.365,1.933,2.55,1.461,20.766212,0.012241,0.914633,0.33055025551495193,21.05,0.057,1.021,0.106,,,1.388,0.072,1.0,1
Gaia EDR3 5538151012969617152,0.01052,-0.03458,118.61012580922,-38.24706352559,0.2468,0.0844,-1.309,0.086,2.569,0.095,17.784872,0.003033,0.97093,0.026096105935560575,17.805,0.039,0.496,0.044,0.309,0.038,0.609,0.044,1.0,1
Gaia EDR3 5538149806077698432,-0.01277,-0.011042,118.58047487842,-38.22352536423,-0.0735,0.1216,-1.041,0.122,1.947,0.133,18.28759,0.003111,1.809013,0.0310146444925619,18.811,0.029,1.322,0.04,0.769,0.108,1.596,0.037,1.0,1
Gaia EDR3 5538151008675074432,0.010794,-0.031954,118.61047357437,-38.24443784628,0.0252,0.1939,-1.353,0.191,1.807,0.207,18.965984,0.003597,1.82934,0.04648300266764186,19.585,0.035,1.315,0.052,,,1.699,0.043,1.0,1
Gaia EDR3 5538150527637518080,0.061242,-0.017085,118.67469159365,-38.22954385922,0.2073,0.127,-1.358,0.129,1.818,0.134,18.336412,0.003176,0.864204,0.017250616974473696,18.465,0.029,0.497,0.035,0.444,0.046,0.773,0.04,0.98,1
Gaia EDR3 5538150188335889152,0.026605,-0.059689,118.6306190512,-38.27216843976,0.2244,0.1253,-1.324,0.123,1.817,0.133,18.304102,0.003186,1.046923,0.04881127152615469,18.435,0.046,0.718,0.068,0.416,0.076,0.987,0.053,1.0,1
Gaia EDR3 5538150291415037696,0.024156,-0.023501,118.62748308846,-38.23598107809,0.2167,0.1935,-0.932,0.188,2.096,0.212,18.952433,0.00396,1.195698,0.03472757850757809,19.141,0.03,0.697,0.038,0.361,0.061,1.002,0.042,0.99,1
Gaia EDR3 5538151043034814464,0.016732,-0.017125,118.61802956,-38.22960776717,0.0628,0.4144,-1.017,0.419,2.502,0.461,20.067635,0.005427,1.345077,0.07645004670371365,20.395,0.045,0.874,0.063,0.225,0.175,1.202,0.062,1.0,1
Gaia EDR3 5538150424553004160,0.036155,-0.00604,118.64274843388,-38.21851511813,-0.2213,0.4359,-1.59,0.411,2.282,0.43,20.02697,0.005205,1.322224,0.06823006892858895,20.359,0.039,0.77,0.058,0.478,0.172,1.249,0.048,0.96,1
Gaia EDR3 5538151077387987200,-0.003159,-0.020193,118.59270814201,-38.2326772841,-0.1893,0.4929,-1.623,0.48,2.37,0.511,20.185482,0.005505,1.602615,0.11545307556752224,20.558,0.057,0.996,0.083,,,1.377,0.064,0.94,1
Gaia EDR3 5538150119616283904,0.049181,-0.038998,118.65935761426,-38.25146519485,0.2824,0.1932,-1.211,0.187,1.811,0.223,19.018408,0.003618,1.238678,0.04096351822048492,19.245,0.034,0.803,0.042,0.5,0.098,1.113,0.044,0.98,1
Gaia EDR3 5538150428853873152,0.047449,-0.009788,118.6571275205,-38.22225726232,0.023,0.5313,-1.644,0.539,2.509,0.543,20.238909,0.006307,1.301628,0.12038916337444995,20.679,0.05,0.906,0.073,,,1.435,0.062,0.98,1
Gaia EDR3 5538151043034813440,0.024238,-0.017909,118.62758585939,-38.2303896176,0.4011,0.2424,-1.371,0.261,2.527,0.258,19.34806,0.004057,1.041716,0.0594616469079019,19.534,0.035,0.682,0.043,0.37,0.089,0.901,0.052,0.99,1
Gaia EDR3 5538150188335867776,0.028207,-0.051912,118.63265528979,-38.26439087815,-0.0301,0.7621,-1.151,0.821,2.628,0.949,20.521112,0.008482,1.48035,0.16638236490986658,20.821,0.051,1.178,0.105,,,1.459,0.063,1.0,1
Gaia EDR3 5538150287113999744,0.025518,-0.022718,118.62921780432,-38.23519774277,-0.2041,0.2729,-1.503,0.275,1.893,0.313,19.36629,0.004276,1.438358,0.06595424926416796,19.629,0.032,0.928,0.046,0.348,0.104,1.24,0.04,0.99,1
Gaia EDR3 5538149806084229888,-0.018598,-0.020468,118.57305337778,-38.23294963666,0.143,0.2034,-1.497,0.206,2.63,0.21,19.043627,0.003719,0.95965,0.03621316397389215,19.171,0.031,0.612,0.04,0.582,0.066,0.888,0.042,0.98,1
Gaia EDR3 5538150257055354624,0.018479,-0.03842,118.62026133269,-38.25090159728,-0.2281,0.1533,-1.623,0.158,2.387,0.171,18.755974,0.003342,0.900064,0.02567449148474026,18.851,0.029,0.552,0.036,0.43,0.056,0.696,0.039,0.98,1
Gaia EDR3 5538149496839960704,-0.007159,-0.043399,118.58761365528,-38.25588334656,-0.0679,0.2031,-1.383,0.205,1.753,0.229,19.005169,0.0037,1.195158,0.03542208634453933,19.175,0.034,0.749,0.045,0.431,0.08,1.015,0.045,0.97,1
Gaia EDR3 5538150428853901440,0.043721,-0.016785,118.65238762342,-38.22925595857,-0.1585,0.515,-1.662,0.504,2.43,0.513,20.229914,0.006286,1.374582,0.10812947552355925,20.562,0.043,0.752,0.062,,,1.247,0.057,0.97,1
Gaia EDR3 5538151180469286272,0.037924,0.00996,118.64499001411,-38.20251456509,0.0994,0.3065,-1.039,0.313,1.802,0.312,19.56505,0.00427,1.304619,0.061396590662674416,19.928,0.039,0.756,0.053,0.834,0.164,1.254,0.051,0.97,1
Gaia EDR3 5538151214827022208,0.013196,0.008209,118.61352271131,-38.20427438478,0.1342,0.2473,-1.793,0.252,2.174,0.265,19.3805,0.00391,1.166414,0.04936031103021941,19.571,0.034,0.654,0.042,0.478,0.087,1.013,0.04,0.99,1
Gaia EDR3 5538151081693568128,0.0011,-0.025257,118.598130539,-38.23774105752,0.1952,0.288,-1.796,0.282,2.142,0.316,19.499361,0.004305,1.222475,0.059104741095786895,19.776,0.04,0.714,0.049,0.593,0.107,1.096,0.051,0.99,1
Gaia EDR3 5538149943518663424,0.049523,-0.058597,118.65980962122,-38.27106444658,0.2078,0.4682,-1.364,0.495,1.72,0.481,20.211908,0.006185,1.369045,0.08526943286430373,20.562,0.048,0.853,0.076,,,1.393,0.056,0.94,1
Gaia EDR3 5538149565564785664,-0.009284,-0.041052,118.58490707306,-38.25353553654,0.2571,0.2698,-1.275,0.289,1.716,0.297,19.456507,0.004161,1.585102,0.0717563968507338,19.763,0.047,0.999,0.061,0.418,0.137,1.308,0.056,0.99,1
Gaia EDR3 5538151047329286272,0.019084,-0.01626,118.62102394452,-38.2287420181,-0.003,0.3078,-1.566,0.316,1.759,0.347,19.732477,0.00466,1.126057,0.06253473310888917,19.84,0.024,0.982,0.042,0.513,0.156,1.002,0.041,1.0,1
Gaia EDR3 5538151111747779712,0.013735,-0.002487,118.61421138443,-38.21497048879,0.2632,0.228,-1.003,0.231,1.812,0.241,19.227842,0.003828,1.371231,0.037055728369578704,19.545,0.031,0.859,0.043,0.453,0.094,1.184,0.041,0.97,1
Gaia EDR3 5538150291415032832,0.026804,-0.02619,118.63085556699,-38.2386691103,0.1713,0.13,-1.66,0.128,1.812,0.146,18.40012,0.003234,0.838244,0.04335051160021067,18.492,0.028,0.496,0.033,0.36,0.048,0.727,0.038,1.0,1
Gaia EDR3 5538150394494174464,0.042277,-0.018875,118.65055030926,-38.23134662343,-0.0277,0.3717,-1.667,0.377,2.603,0.39,19.887781,0.004825,1.357984,0.07969167095750974,20.158,0.044,0.852,0.058,,,1.155,0.056,0.98,1
Gaia EDR3 5538149501141209984,-0.00587,-0.049475,118.58925378732,-38.26195931653,0.3381,0.3021,-1.761,0.312,2.024,0.331,19.582325,0.004606,1.143974,0.0800587965248042,19.764,0.041,0.845,0.054,0.617,0.128,1.078,0.051,0.96,1
Gaia EDR3 5538151146107513472,0.030255,-0.004283,118.63523798446,-38.21676053957,0.0011,0.5394,-1.702,0.612,1.829,0.741,20.329115,0.006668,1.217768,0.09624353879611867,20.63,0.045,0.737,0.071,,,1.139,0.058,0.99,1
Gaia EDR3 5538151111747757184,0.013291,-0.010879,118.61364797471,-38.22336213355,0.374,0.2126,-0.981,0.217,1.872,0.241,19.15286,0.003699,1.082354,0.03829740885490819,19.353,0.031,0.639,0.039,0.678,0.077,0.966,0.044,0.95,1
Gaia EDR3 5538149982181967488,0.030801,-0.062034,118.63596381923,-38.27451152536,0.2671,0.0507,-1.248,0.05,1.685,0.052,16.479734,0.002834,1.764155,0.008117010533441485,16.985,0.027,1.292,0.035,0.784,0.043,1.615,0.031,0.98,1
Gaia EDR3 5538150390193248896,0.027785,-0.015319,118.6321000096,-38.22779841557,0.3225,0.0565,-1.615,0.055,1.806,0.062,16.608944,0.002865,0.800093,0.006616576153872939,16.705,0.02,0.375,0.024,0.17,0.025,0.698,0.026,0.99,1
Gaia EDR3 5538151012969589632,0.012973,-0.024498,118.61324638444,-38.23698089291,0.173,0.2711,-1.264,0.268,2.755,0.291,19.484049,0.00432,1.173201,0.061271649692170034,19.705,0.04,0.846,0.057,0.33,0.132,1.111,0.052,1.0,1
Gaia EDR3 5538151008668490112,0.010961,-0.027369,118.61068527222,-38.23985228349,0.4469,0.3,-1.093,0.301,1.836,0.327,19.653873,0.00448,1.167856,0.08840716628192535,19.939,0.04,0.735,0.051,0.459,0.105,1.126,0.05,0.95,1
Gaia EDR3 5538150360138149888,0.045072,-0.015625,118.6541063159,-38.22809561169,0.0819,0.0391,-1.183,0.038,1.64,0.042,16.270208,0.002804,1.871083,0.007154801534633927,16.906,0.025,1.318,0.031,0.923,0.041,1.685,0.034,1.0,1
Gaia EDR3 5538151283546478208,-0.006461,-4.6e-05,118.58850714846,-38.21253022702,-0.0793,0.2089,-1.732,0.214,2.588,0.239,19.050457,0.003705,1.645701,0.033490693826793136,19.431,0.028,1.067,0.041,0.565,0.116,1.362,0.037,0.95,1
Gaia EDR3 5538148775285448960,0.007679,-0.04466,118.60650957963,-38.25714422109,-0.0506,0.2016,-1.158,0.215,2.782,0.236,18.977135,0.003757,1.668499,0.05856038077915819,19.428,0.039,1.23,0.051,0.601,0.129,1.519,0.046,1.0,1
Gaia EDR3 5538151150412144384,0.025662,-0.002229,118.62939129808,-38.21470864074,0.1175,0.0434,-1.74,0.044,1.761,0.048,16.528364,0.002813,1.806184,0.007026754940938242,17.121,0.025,1.289,0.028,0.933,0.031,1.612,0.037,0.99,1
Gaia EDR3 5538151047329274112,0.021856,-0.015556,118.6245520842,-38.22803662827,0.0035,0.2995,-0.991,0.308,2.741,0.326,19.484364,0.004015,1.449352,0.046085957177864935,19.905,0.042,0.86,0.054,0.369,0.118,1.357,0.048,1.0,1
Gaia EDR3 5538150291415019648,0.030302,-0.026823,118.6353096254,-38.23930131345,-0.0425,0.1727,-1.366,0.22,2.822,0.226,18.414194,0.003757,,,16.522,0.028,0.715,0.031,0.382,0.03,1.003,0.035,1.0,1
Gaia EDR3 5538150291418703104,0.026745,-0.034358,118.63078522244,-38.24683703513,-0.2116,0.3108,-1.475,0.293,2.773,0.339,19.592348,0.004903,1.2451,0.06697325508738544,19.975,0.048,0.852,0.072,,,1.267,0.06,0.99,1
Gaia EDR3 5538150287113970688,0.025559,-0.0357,118.62927575466,-38.24817971102,0.2106,0.1973,-1.638,0.191,2.795,0.214,19.032263,0.00365,1.200746,0.037407948847805066,19.253,0.036,0.763,0.045,0.341,0.063,1.039,0.044,0.99,1
Gaia EDR3 5538148740927820928,-0.00058,-0.058893,118.59599113947,-38.27137732816,0.1153,0.505,-1.273,0.507,2.93,0.568,20.271332,0.006179,1.503475,0.08819358046932894,20.663,0.057,1.131,0.08,,,1.512,0.064,0.98,1
Gaia EDR3 5538150218394491904,0.032372,-0.033734,118.63794950513,-38.24621069066,0.0971,0.0827,-1.579,0.081,2.883,0.088,17.679583,0.002943,1.292749,0.011144585277164871,17.994,0.028,0.785,0.033,0.383,0.039,1.217,0.035,0.99,1
Gaia EDR3 5538150428857617664,0.046446,-0.002082,118.65584477738,-38.21455133458,0.2627,0.2412,-1.558,0.232,1.528,0.243,18.686455,0.004139,1.455114,0.040581927455457315,18.867,0.04,0.9,0.055,0.684,0.106,1.176,0.055,0.97,1
Gaia EDR3 5538151047329310720,0.018293,-0.026187,118.62002057394,-38.23866878983,0.132,0.4294,-1.137,0.405,1.454,0.456,19.973501,0.005338,1.554535,0.12069094521545518,20.403,0.053,0.979,0.068,,,1.421,0.06,1.0,1
