EDR3Name,_x,_y,RA_ICRS,DE_ICRS,Plx,e_Plx,pmRA,e_pmRA,pmDE,e_pmDE,Gmag,e_Gmag,BP-RP,e_BP-RP,V,eV,BV,eBV,UB,eUB,VI,eVI,probs_final,membs_select
Gaia EDR3 5597788145710680320,0.061588,0.029146,119.7917013073,-28.54556923004,0.1772,0.0693,-2.331,0.057,2.925,0.066,17.297592,0.002858,0.95602,0.009602637658476966,17.481,0.009,0.67,0.015,0.465,0.018,0.837,0.014,0.99,1
Gaia EDR3 5597788661106791168,-0.037094,0.023064,119.67936017759,-28.5516624981,0.1804,0.0391,-2.339,0.034,2.941,0.037,16.36691,0.002789,0.809719,0.0064609275649863155,16.52,0.013,0.57,0.018,0.079,0.018,0.685,0.017,1.0,1
Gaia EDR3 5600791801008171008,-0.097735,0.101233,119.61040572915,-28.47345449399,0.1783,0.0815,-2.32,0.073,2.925,0.081,17.708004,0.002915,1.491888,0.024798429668025354,18.191,0.012,1.154,0.019,0.299,0.023,1.44,0.018,0.99,1
Gaia EDR3 5597789142143117184,-0.020846,0.042116,119.69786272594,-28.53261537372,0.1703,0.0285,-2.354,0.025,2.914,0.03,15.741754,0.002774,0.829526,0.005269718208784982,15.917,0.011,0.559,0.016,-0.094,0.017,0.743,0.017,1.0,1
Gaia EDR3 5597788729826269312,-0.04426,0.029744,119.67120602594,-28.54497976079,0.1646,0.018,-2.342,0.016,2.948,0.018,14.686781,0.002766,0.72984,0.004867404339070261,14.851,0.009,0.483,0.017,-0.233,0.018,0.667,0.017,1.0,1
Gaia EDR3 5597787900882757760,-0.019687,0.0102,119.69917491572,-28.56453120156,0.1679,0.024,-2.312,0.021,2.923,0.024,15.311869,0.002768,0.732845,0.005145062973375545,15.477,0.015,0.482,0.018,-0.157,0.014,0.665,0.018,1.0,1
Gaia EDR3 5597788248789914112,0.008244,0.014066,119.73097602711,-28.56066672884,0.1602,0.0349,-2.362,0.028,2.927,0.034,16.14198,0.002781,0.783546,0.005531307621168795,16.305,0.009,0.546,0.014,0.071,0.014,0.627,0.013,1.0,1
Gaia EDR3 5597789142143112320,-0.015011,0.050302,119.70450573488,-28.52443031618,0.1722,0.0117,-2.367,0.01,2.934,0.012,13.402076,0.002761,0.646136,0.004742211403975997,13.547,0.012,0.432,0.018,-0.448,0.019,0.58,0.016,1.0,1
Gaia EDR3 5597787973912004224,0.025639,-0.002883,119.75078574333,-28.57761290078,0.1816,0.0418,-2.325,0.035,2.951,0.039,16.510683,0.002795,0.851052,0.007274541085181937,16.719,0.006,0.559,0.009,0.186,0.011,0.747,0.01,1.0,1
Gaia EDR3 5597788970344430208,-0.038612,0.051591,119.6776439269,-28.52313532442,0.1614,0.025,-2.349,0.021,2.896,0.024,15.425776,0.002768,0.887298,0.005354302288814108,15.635,0.009,0.587,0.013,-0.111,0.014,0.805,0.014,1.0,1
Gaia EDR3 5597787011839364992,-0.068529,-0.016927,119.64354349477,-28.5916377289,0.1851,0.0344,-2.376,0.031,2.925,0.032,15.72458,0.002781,0.797508,0.005519542191160422,15.895,0.006,0.526,0.013,-0.032,0.014,0.721,0.011,1.0,1
Gaia EDR3 5597787630314634880,-0.003872,-0.011502,119.71718094572,-28.58623473668,0.2073,0.0655,-2.339,0.058,2.953,0.059,17.23126,0.002843,0.91968,0.014118679045859778,17.376,0.013,0.739,0.021,0.281,0.032,0.843,0.017,1.0,1
Gaia EDR3 5597787939552274560,-0.006492,0.016594,119.71419883082,-28.55813881605,0.144,0.0276,-2.334,0.023,2.899,0.027,13.531842,0.002772,0.773159,0.0048556257063328105,13.737,0.011,0.477,0.017,-0.293,0.014,0.706,0.015,1.0,1
Gaia EDR3 5597787870832800384,-0.005103,0.003619,119.71577985381,-28.57111439043,0.1712,0.0164,-2.301,0.014,2.941,0.018,14.375414,0.002766,0.785838,0.005363748782334982,14.586,0.009,0.48,0.013,-0.234,0.011,0.738,0.012,1.0,1
Gaia EDR3 5597789004704175872,-0.059867,0.057697,119.65345695258,-28.51701971355,0.2213,0.0262,-2.339,0.023,2.922,0.026,15.564532,0.002774,0.845308,0.0055212850859197625,15.761,0.008,0.565,0.012,-0.073,0.013,0.762,0.015,1.0,1
Gaia EDR3 5597787699034123776,-0.035858,-0.020891,119.68075069696,-28.59561816816,0.1486,0.0354,-2.348,0.032,2.955,0.033,16.120947,0.002805,0.88691,0.006043932246476627,16.321,0.009,0.576,0.015,0.027,0.016,0.768,0.012,1.0,1
Gaia EDR3 5597787522925454336,-0.011221,-0.030175,119.70880859643,-28.60490800407,0.1625,0.1457,-2.326,0.128,2.963,0.134,18.538881,0.00305,1.386135,0.026623900916281973,18.956,0.012,1.077,0.019,0.324,0.032,1.287,0.018,1.0,1
Gaia EDR3 5597787802113334656,-0.030985,-0.00406,119.68630581666,-28.57878827659,0.1817,0.0593,-2.293,0.052,2.934,0.056,17.166235,0.002841,1.716232,0.009505848988912038,17.705,0.012,1.295,0.019,0.453,0.021,1.598,0.016,1.0,1
Gaia EDR3 5597788180070424960,0.043122,0.030862,119.77067854207,-28.54386224643,0.1516,0.0343,-2.37,0.029,2.898,0.035,16.13976,0.002964,0.871546,0.008042666846264366,16.362,0.008,0.514,0.012,0.011,0.015,0.767,0.011,1.0,1
Gaia EDR3 5597783850743741312,0.075141,-0.065656,119.80720673975,-28.6403628565,0.1762,0.0484,-2.303,0.041,2.891,0.046,16.550882,0.002812,0.814414,0.013160648160330099,16.743,0.012,0.542,0.018,0.18,0.015,0.728,0.015,0.99,1
Gaia EDR3 5597788695466525312,-0.026778,0.024582,119.69110552987,-28.55014800573,0.1934,0.0122,-2.339,0.01,2.971,0.012,12.76737,0.002763,0.521828,0.004750400825193596,12.889,0.013,0.346,0.019,-0.492,0.019,0.456,0.021,1.0,1
Gaia EDR3 5597788248789912960,0.005472,0.021837,119.72781993252,-28.552895662,0.1571,0.0127,-2.375,0.01,2.951,0.012,13.618133,0.002768,0.590468,0.00477761823506232,13.747,0.012,0.38,0.017,-0.396,0.017,0.515,0.016,1.0,1
Gaia EDR3 5597789039064280064,-0.04955,0.059214,119.66519903328,-28.5155078942,0.1722,0.0362,-2.388,0.033,2.954,0.037,16.164394,0.002781,0.920691,0.005423130092483491,16.368,0.009,0.621,0.014,0.097,0.015,0.837,0.013,1.0,1
Gaia EDR3 5597784950255371904,0.047672,-0.023834,119.77588691062,-28.59855618131,0.1647,0.0936,-2.327,0.078,2.867,0.105,17.817377,0.002898,1.338221,0.012082476981149188,18.228,0.01,0.935,0.016,0.363,0.022,1.245,0.015,1.0,1
Gaia EDR3 5597794016916299648,0.062617,0.035223,119.79286818977,-28.53949116763,0.1587,0.0687,-2.378,0.056,2.883,0.066,17.403954,0.002862,1.149025,0.008561500627810524,17.687,0.011,0.828,0.017,0.444,0.02,1.032,0.016,0.99,1
Gaia EDR3 5597788248789914240,0.003018,0.022537,119.72502596558,-28.5521960088,0.1868,0.0142,-2.382,0.012,2.964,0.014,14.099694,0.002767,0.629384,0.004823911276132678,14.244,0.013,0.423,0.018,-0.301,0.016,0.551,0.017,1.0,1
Gaia EDR3 5597788523667845760,-0.054961,0.002144,119.65900768629,-28.57257461628,0.1686,0.0205,-2.375,0.017,2.97,0.02,14.955518,0.002766,0.929231,0.005008343538536469,15.177,0.008,0.646,0.015,-0.202,0.015,0.866,0.014,1.0,1
Gaia EDR3 5597787836473068800,-0.014446,-0.005963,119.70513897977,-28.58069549796,0.136,0.0521,-2.36,0.046,2.886,0.051,16.927595,0.002846,0.880491,0.01646382777485236,17.099,0.012,0.635,0.016,0.222,0.014,0.799,0.02,1.0,1
Gaia EDR3 5597786079816330112,-0.054275,-0.054818,119.65975527309,-28.62953682341,0.2246,0.1702,-2.377,0.148,2.932,0.161,18.848637,0.003262,1.437935,0.033049280854505744,19.23,0.013,1.033,0.022,0.455,0.036,1.294,0.019,0.99,1
Gaia EDR3 5597788764185999744,-0.032887,0.042358,119.68415622581,-28.5323703782,0.2055,0.0244,-2.391,0.021,2.939,0.024,15.390133,0.002769,0.786888,0.005035855538039192,15.578,0.009,0.509,0.014,-0.216,0.015,0.74,0.017,1.0,1
Gaia EDR3 5597784194341176320,0.021727,-0.073909,119.74634810482,-28.64864049202,0.135,0.0334,-2.327,0.029,2.878,0.032,15.939958,0.002778,0.739604,0.005448271836096287,16.105,0.005,0.522,0.01,0.045,0.011,0.62,0.01,1.0,1
Gaia EDR3 5597787595954889856,0.014403,-0.013484,119.73799345745,-28.58821620944,0.2217,0.058,-2.385,0.048,2.942,0.055,17.092344,0.002821,0.915091,0.009929755938591843,17.305,0.009,0.621,0.012,0.386,0.012,0.803,0.014,1.0,1
Gaia EDR3 5597785122054026240,0.069022,0.006887,119.80018036883,-28.56782334338,0.1906,0.0139,-2.338,0.011,2.988,0.014,11.49294,0.002771,0.518041,0.004735803310949474,11.649,0.009,0.346,0.016,-0.534,0.015,0.451,0.018,0.99,1
Gaia EDR3 5597788862955513216,-0.088585,0.030568,119.6207474322,-28.54412752866,0.2228,0.1003,-2.29,0.087,2.919,0.092,17.981583,0.002944,1.241623,0.014778709348248244,18.29,0.012,0.963,0.018,0.52,0.024,1.143,0.018,1.0,1
Gaia EDR3 5597789039063911552,-0.053991,0.061665,119.66014657566,-28.51305433352,0.1855,0.0258,-2.276,0.023,2.903,0.026,15.535402,0.00277,0.997823,0.00513281599124691,15.775,0.008,0.658,0.011,0.002,0.014,0.912,0.013,1.0,1
Gaia EDR3 5597788042631479808,0.022367,0.009673,119.74705652672,-28.56505763899,0.176,0.0231,-2.393,0.019,2.962,0.022,15.252697,0.002767,0.820085,0.004987320021815324,15.447,0.009,0.55,0.011,-0.057,0.009,0.73,0.013,1.0,1
Gaia EDR3 5597788764185998208,-0.030344,0.045695,119.68705188532,-28.5290337567,0.1734,0.0221,-2.313,0.019,2.861,0.022,15.107123,0.002765,0.782617,0.005020520391353868,15.251,0.016,0.54,0.021,-0.057,0.015,0.689,0.022,1.0,1
Gaia EDR3 5597787664674365568,0.00547,0.00521,119.72781875522,-28.56952312048,0.2344,0.064,-2.325,0.054,2.959,0.061,17.33856,0.002839,1.05892,0.008131406335929844,17.582,0.009,0.746,0.014,0.423,0.017,0.933,0.016,1.0,1
Gaia EDR3 5597788592387321856,-0.054846,0.005637,119.65914008385,-28.56908201834,0.1179,0.0782,-2.367,0.067,2.949,0.072,17.595854,0.002856,1.191172,0.012107021846845738,17.88,0.012,0.856,0.019,0.428,0.022,1.084,0.017,1.0,1
Gaia EDR3 5597787939552274816,-0.008353,0.018317,119.71208000619,-28.55641579723,0.1312,0.032,-2.395,0.027,2.919,0.03,16.022802,0.002778,0.768492,0.005793723500478772,16.207,0.01,0.504,0.015,-0.067,0.015,0.635,0.013,1.0,1
Gaia EDR3 5597784331780327040,0.031579,-0.056192,119.75756805823,-28.63092005989,0.1802,0.0131,-2.267,0.011,2.909,0.013,13.648916,0.002763,0.640309,0.004756402842485064,13.824,0.009,0.437,0.014,-0.346,0.014,0.56,0.015,1.0,1
Gaia EDR3 5597788695466525184,-0.029095,0.028669,119.68846833244,-28.54606069195,0.1892,0.0146,-2.359,0.012,2.993,0.014,11.046185,0.002792,0.871934,0.00500503995988044,11.312,0.019,0.508,0.028,-0.579,0.027,0.822,0.023,1.0,1
Gaia EDR3 5597784602347707648,0.014972,-0.027225,119.73864332654,-28.60195701936,0.1443,0.0811,-2.275,0.07,2.936,0.076,17.759102,0.002893,1.120565,0.013133513048685793,18.063,0.011,0.793,0.017,0.493,0.022,1.037,0.017,1.0,1
Gaia EDR3 5597788523658814592,-0.053792,-0.006974,119.66033256791,-28.58169382266,0.1063,0.0464,-2.327,0.042,2.933,0.057,14.738002,0.002928,,,12.455,0.009,0.502,0.015,-0.361,0.014,0.654,0.02,1.0,1
Gaia EDR3 5597788661106788352,-0.025913,0.016602,119.69208801963,-28.55812842742,0.2215,0.0258,-2.382,0.023,2.966,0.026,15.497784,0.002805,0.698981,0.005499269133257619,15.664,0.01,0.459,0.015,-0.188,0.016,0.604,0.013,1.0,1
Gaia EDR3 5597789073423635840,-0.008015,0.037363,119.71246667642,-28.53736967246,0.1671,0.0204,-2.412,0.017,2.937,0.02,14.915577,0.002844,0.716711,0.005537659162498176,15.053,0.016,0.486,0.022,-0.266,0.018,0.648,0.021,1.0,1
Gaia EDR3 5600789881172980736,-0.108977,0.043344,119.59754915201,-28.53133263884,0.1872,0.0256,-2.413,0.021,2.939,0.024,15.279304,0.002773,0.889642,0.005031514483731513,15.506,0.009,0.588,0.013,-0.043,0.011,0.812,0.013,0.99,1
Gaia EDR3 5597785156413773184,0.059442,0.006374,119.78927275107,-28.56834245484,0.1257,0.0693,-2.343,0.058,2.868,0.069,17.404585,0.002833,0.996134,0.010500962336852751,17.633,0.009,0.741,0.015,0.445,0.017,0.887,0.014,1.0,1
Gaia EDR3 5597788661106790912,-0.031129,0.014992,119.68614850688,-28.55973683044,0.1782,0.0426,-2.336,0.037,3.001,0.04,16.539648,0.002793,0.857803,0.006640475961856951,16.725,0.012,0.577,0.018,0.145,0.02,0.76,0.017,1.0,1
Gaia EDR3 5597787870832799616,-0.006656,0.010588,119.71401141683,-28.56414457959,0.1911,0.0153,-2.372,0.012,2.993,0.015,14.224842,0.002763,0.694275,0.00480811917489573,14.388,0.009,0.464,0.015,-0.109,0.014,0.621,0.012,1.0,1
Gaia EDR3 5597789348301548032,-0.034835,0.06246,119.6819473229,-28.5122679335,0.1834,0.0709,-2.417,0.064,2.91,0.07,17.519054,0.002862,1.247164,0.010910134187992372,17.836,0.012,0.872,0.018,0.487,0.02,1.134,0.019,1.0,1
Gaia EDR3 5597787939552276864,-0.014186,0.021973,119.70544036677,-28.55275891465,0.2172,0.0666,-2.402,0.056,2.956,0.064,17.39808,0.002854,1.116283,0.009350280423602279,17.651,0.015,0.811,0.021,0.403,0.022,1.002,0.021,1.0,1
Gaia EDR3 5597786251615120000,-0.064257,-0.032356,119.64839769691,-28.60706983319,0.1857,0.0809,-2.332,0.072,2.842,0.074,17.58821,0.002866,1.002449,0.012577610305618473,17.806,0.01,0.753,0.017,0.337,0.018,0.875,0.013,1.0,1
Gaia EDR3 5597787664674368896,0.001476,-0.001963,119.72327065246,-28.57669652141,0.1258,0.0314,-2.393,0.027,2.955,0.03,15.870325,0.002778,0.76305,0.005257211808554037,16.035,0.006,0.511,0.009,-0.018,0.01,0.664,0.01,1.0,1
Gaia EDR3 5597788042631482624,0.016356,0.003931,119.74021380949,-28.57080099027,0.1951,0.0234,-2.278,0.019,2.976,0.022,15.335269,0.00277,0.662144,0.004904652994861105,15.473,0.005,0.445,0.007,0.23,0.009,0.555,0.011,1.0,1
Gaia EDR3 5597788622437295744,-0.045112,0.019179,119.67023058898,-28.55554505059,0.1569,0.0956,-2.375,0.082,2.996,0.087,17.847715,0.002902,1.451422,0.016816087594919336,18.308,0.015,1.055,0.023,0.36,0.025,1.423,0.021,1.0,1
Gaia EDR3 5597788661106788480,-0.029392,0.021576,119.6881277389,-28.55315279856,0.2095,0.0278,-2.417,0.024,2.935,0.028,15.610361,0.00277,0.711775,0.005212709468213244,15.766,0.012,0.466,0.017,-0.166,0.016,0.631,0.015,1.0,1
Gaia EDR3 5597788283140523264,0.019555,0.028165,119.7438518169,-28.54656605406,0.2208,0.0545,-2.326,0.046,2.996,0.049,16.787096,0.002823,1.284544,0.009746047096130821,17.092,0.01,0.912,0.015,0.394,0.016,1.16,0.016,1.0,1
Gaia EDR3 5600791942757178240,-0.060584,0.103294,119.65267116799,-28.47142222713,0.1635,0.0382,-2.383,0.032,2.995,0.037,16.228443,0.002789,0.934258,0.005809916092337307,16.473,0.009,0.593,0.013,0.075,0.014,0.862,0.013,0.99,1
Gaia EDR3 5600791427346930560,-0.062796,0.061569,119.65012563362,-28.51314532638,0.147,0.1245,-2.282,0.099,2.865,0.124,18.27341,0.003114,1.857624,0.15048655730330202,18.843,0.017,1.31,0.025,0.426,0.033,1.653,0.023,1.0,1
Gaia EDR3 5597787935242533248,-0.014472,0.019936,119.70511377306,-28.55479661809,0.1824,0.1338,-2.426,0.108,2.94,0.135,18.483631,0.003251,1.716072,0.024873198688548284,18.956,0.02,1.266,0.03,0.594,0.053,1.545,0.025,1.0,1
Gaia EDR3 5600791324282219264,-0.077251,0.046342,119.63366264708,-28.52836289051,0.1948,0.0599,-2.262,0.052,2.88,0.06,17.157492,0.002825,1.139433,0.009054821919839175,17.449,0.01,0.783,0.014,0.297,0.016,1.056,0.016,1.0,1
Gaia EDR3 5597787870832801024,-0.010166,0.007427,119.71001521608,-28.56730573469,0.1756,0.0531,-2.427,0.045,2.943,0.05,16.542173,0.002857,1.274386,0.009448088483920968,16.857,0.012,0.998,0.02,0.367,0.021,1.176,0.015,1.0,1
Gaia EDR3 5597788248780810880,0.004134,0.020461,119.72629671533,-28.55427219898,0.215,0.0744,-2.256,0.061,2.932,0.068,17.579592,0.002879,1.330154,0.015823635012221435,17.937,0.014,1.002,0.021,0.292,0.023,1.246,0.02,1.0,1
Gaia EDR3 5600791289922228736,-0.089583,0.044741,119.61962566671,-28.52995452583,0.151,0.0199,-2.282,0.017,2.857,0.019,14.882348,0.002768,1.010834,0.004917668146591431,15.157,0.011,0.679,0.016,-0.03,0.012,0.926,0.017,1.0,1
Gaia EDR3 5597788519358002048,-0.049252,0.001284,119.66550741318,-28.5734377074,0.1928,0.0708,-2.431,0.06,2.922,0.069,17.432991,0.002838,1.096867,0.010334899177060219,17.681,0.012,0.754,0.02,0.336,0.023,0.98,0.017,1.0,1
Gaia EDR3 5597783369700234880,0.037769,-0.100501,119.76463849436,-28.67522737171,0.2605,0.3633,-2.321,0.289,2.965,0.328,19.738554,0.004202,1.677004,0.06657172601788239,20.264,0.019,1.095,0.034,,,1.479,0.028,0.99,1
Gaia EDR3 5597789348301551232,-0.038868,0.057501,119.67735474693,-28.51722534779,0.1885,0.0951,-2.419,0.082,2.972,0.09,17.886312,0.002905,1.476551,0.017751525568243425,18.292,0.013,1.027,0.018,0.418,0.032,1.353,0.02,1.0,1
Gaia EDR3 5597784125621698560,0.026851,-0.081128,119.7521888013,-28.65585736271,0.181,0.0496,-2.34,0.042,3.018,0.047,16.676132,0.002803,0.923473,0.006654529434903718,16.912,0.007,0.602,0.011,0.27,0.012,0.834,0.011,0.99,1
Gaia EDR3 5597785049024391552,0.042063,-0.008912,119.76949147919,-28.58363676478,0.0908,0.1189,-2.298,0.095,2.93,0.115,18.264093,0.002988,1.314987,0.017469003463277462,18.67,0.011,0.912,0.017,0.368,0.027,1.233,0.017,1.0,1
Gaia EDR3 5597789073414550272,-0.019269,0.038318,119.69965640883,-28.53641366865,0.2673,0.0866,-2.316,0.075,2.888,0.083,17.815687,0.002893,1.267267,0.011754406577960454,18.127,0.017,0.914,0.023,0.436,0.029,1.158,0.024,1.0,1
Gaia EDR3 5597787488567246208,-0.026983,-0.039319,119.69085311387,-28.61404882514,0.1758,0.0507,-2.304,0.044,2.831,0.05,16.739388,0.002805,0.781799,0.007648839454453205,16.892,0.009,0.551,0.015,0.229,0.014,0.691,0.012,1.0,1
Gaia EDR3 5600791874037680512,-0.04011,0.096167,119.67595834213,-28.47855887479,0.1762,0.032,-2.435,0.027,2.899,0.031,15.955211,0.002776,0.920749,0.005649081075714882,16.188,0.005,0.601,0.01,-0.033,0.013,0.826,0.011,1.0,1
Gaia EDR3 5597787492875692800,-0.027147,-0.032767,119.69066765863,-28.60749627114,0.2673,0.0691,-2.311,0.06,2.959,0.063,17.335348,0.002841,1.32411,0.010323148550708742,17.723,0.009,0.949,0.015,0.29,0.016,1.229,0.013,1.0,1
Gaia EDR3 5597788966034827520,-0.044561,0.051859,119.67087359367,-28.52286440145,0.0988,0.1097,-2.364,0.091,2.98,0.109,18.143667,0.002975,1.472454,0.01941560436865152,18.583,0.014,1.046,0.022,0.385,0.03,1.415,0.021,1.0,1
Gaia EDR3 5597789176502846848,-0.010679,0.059469,119.70943678235,-28.51526345436,0.1394,0.0606,-2.435,0.053,2.926,0.061,17.00277,0.002822,0.91078,0.008246136671193366,17.179,0.012,0.624,0.018,0.232,0.021,0.803,0.017,1.0,1
Gaia EDR3 5597784877225667968,0.074245,-0.016054,119.80614636238,-28.59076114643,0.2517,0.1557,-2.308,0.125,2.854,0.153,18.620506,0.003121,1.394947,0.019186626618559084,19.024,0.013,1.034,0.022,0.456,0.038,1.26,0.019,0.99,1
Gaia EDR3 5597787626003777152,0.001706,-0.009265,119.72353264412,-28.58399827485,0.2072,0.0123,-2.331,0.01,3.025,0.012,12.655184,0.004163,0.610839,0.016628324389426612,12.847,0.008,0.385,0.012,-0.486,0.01,0.479,0.011,1.0,1
Gaia EDR3 5597788970344434048,-0.042094,0.043046,119.67367704089,-28.53167921802,0.2219,0.0287,-2.423,0.026,2.973,0.028,15.787611,0.00277,0.784586,0.005326922188280959,15.945,0.011,0.527,0.016,-0.024,0.018,0.699,0.014,1.0,1
Gaia EDR3 5597787905192541952,-0.015634,0.008532,119.70378915448,-28.56620002299,0.1183,0.0476,-2.38,0.039,3.003,0.044,16.759031,0.002808,0.864738,0.007072538723824706,16.923,0.011,0.579,0.017,0.249,0.018,0.758,0.017,1.0,1
Gaia EDR3 5597788558027581824,-0.046141,0.002512,119.66905011788,-28.57221101697,0.1261,0.0834,-2.256,0.071,2.876,0.075,17.707102,0.002891,1.266344,0.018695341692517953,18.027,0.012,0.858,0.022,0.491,0.024,1.175,0.017,1.0,1
Gaia EDR3 5597785018974853120,0.036979,-0.016019,119.76370474666,-28.59074616611,0.151,0.0555,-2.277,0.05,2.837,0.055,17.0572,0.002817,0.922455,0.008093457419422185,17.287,0.009,0.617,0.013,0.407,0.015,0.835,0.013,1.0,1
Gaia EDR3 5597784400499613184,0.007285,-0.06136,119.72989031851,-28.63609347235,0.138,0.1015,-2.317,0.086,2.823,0.089,17.976612,0.002947,1.31101,0.01549608473131197,18.323,0.013,0.93,0.018,0.356,0.018,1.179,0.018,1.0,1
Gaia EDR3 5597789451380759424,-0.035367,0.080847,119.68134864558,-28.49388028472,0.26,0.0563,-2.265,0.049,2.91,0.053,16.818604,0.00281,0.952284,0.006437577960692982,17.027,0.01,0.647,0.014,0.253,0.015,0.852,0.015,0.99,1
Gaia EDR3 5597788729826268544,-0.038539,0.021901,119.67771512819,-28.55282469769,0.2101,0.05,-2.445,0.044,2.914,0.048,16.940351,0.002806,0.856194,0.006999566343710159,17.115,0.013,0.595,0.02,0.252,0.02,0.758,0.019,1.0,1
Gaia EDR3 5597789176502849408,-0.017855,0.060598,119.70127084146,-28.51413373661,0.1597,0.031,-2.44,0.026,2.966,0.031,15.795612,0.002778,0.872792,0.006387872337484524,15.982,0.01,0.565,0.016,-0.022,0.016,0.68,0.013,1.0,1
Gaia EDR3 5597789142143116160,-0.021637,0.04846,119.69696363621,-28.52627070958,0.227,0.0689,-2.436,0.063,2.949,0.069,17.439991,0.002857,1.32312,0.011387425082080672,17.783,0.015,0.937,0.021,0.401,0.022,1.223,0.021,1.0,1
Gaia EDR3 5597787733393855104,-0.01572,-0.013083,119.70368747105,-28.58781497026,0.1496,0.0247,-2.232,0.021,2.904,0.023,15.245155,0.002771,0.76664,0.004987108380614963,15.42,0.01,0.508,0.014,-0.172,0.011,0.653,0.014,1.0,1
Gaia EDR3 5597789485733455872,-0.012227,0.089815,119.70767903569,-28.48491705011,0.2563,0.2166,-2.345,0.172,2.842,0.194,19.071022,0.003373,1.649862,0.034277024739612395,19.583,0.017,1.224,0.031,0.438,0.058,1.561,0.023,0.99,1
Gaia EDR3 5597788283149645568,0.016559,0.029946,119.74044045758,-28.54478630955,0.1075,0.065,-2.253,0.055,2.941,0.062,17.30662,0.002847,0.947527,0.008224430253823058,17.501,0.013,0.686,0.019,0.377,0.021,0.83,0.02,1.0,1
Gaia EDR3 5597787939552277504,-0.011725,0.013437,119.70824038842,-28.56129519943,0.2577,0.0335,-2.411,0.028,2.968,0.033,15.859587,0.002784,0.768035,0.0056374856984297535,16.037,0.01,0.493,0.015,-0.024,0.017,0.686,0.013,1.0,1
Gaia EDR3 5597788283140531328,0.012681,0.028343,119.73602594152,-28.54638933985,0.2047,0.0516,-2.353,0.044,2.81,0.049,16.910463,0.002853,0.991655,0.02217247674482939,17.155,0.021,0.79,0.038,0.376,0.057,0.984,0.027,1.0,1
Gaia EDR3 5597788695466522496,-0.024966,0.032663,119.69316982712,-28.54206778376,0.1772,0.0735,-2.407,0.062,3.019,0.072,17.519085,0.002854,1.439133,0.010021846785897298,17.915,0.016,1.037,0.022,0.351,0.027,1.325,0.023,1.0,1
Gaia EDR3 5597788248789917440,0.003059,0.011494,119.72507272949,-28.56323926323,0.2042,0.0426,-2.443,0.035,2.974,0.041,16.481802,0.002795,0.773308,0.005860032508442252,16.639,0.011,0.527,0.016,0.153,0.016,0.658,0.016,1.0,1
Gaia EDR3 5597788523667845888,-0.055058,0.00143,119.65889607691,-28.57328916778,0.2744,0.0854,-2.35,0.076,2.852,0.085,17.587936,0.002919,1.049753,0.0243148404271959,17.835,0.011,0.833,0.022,0.405,0.03,1.018,0.016,1.0,1
Gaia EDR3 5597787664674365312,0.007427,0.004022,119.73004700341,-28.57071134287,0.1131,0.0443,-2.404,0.036,3.0,0.042,16.580257,0.002793,0.976878,0.006736199818888985,16.807,0.007,0.687,0.01,0.367,0.013,0.854,0.012,1.0,1
Gaia EDR3 5597788691156797184,-0.018269,0.023878,119.70079159314,-28.55085372916,0.2264,0.0954,-2.37,0.078,2.817,0.089,17.93137,0.002934,1.494061,0.015388410606687098,18.361,0.017,1.094,0.024,0.403,0.033,1.397,0.022,1.0,1
Gaia EDR3 5597787767753599104,-0.037504,-0.009036,119.67888092621,-28.58376298516,0.2004,0.0179,-2.458,0.015,2.919,0.017,14.641788,0.002767,0.761825,0.00495143262096941,14.801,0.01,0.536,0.019,-0.187,0.019,0.674,0.013,1.0,1
Gaia EDR3 5597789348301544448,-0.025303,0.062847,119.69279474918,-28.51188298174,0.2779,0.0598,-2.37,0.053,2.861,0.06,17.232826,0.002825,1.248032,0.009548104995233347,17.543,0.012,0.862,0.018,0.502,0.023,1.136,0.018,1.0,1
Gaia EDR3 5600789808143216896,-0.099539,0.033093,119.60828096622,-28.54159307592,0.0673,0.1683,-2.341,0.146,2.872,0.176,18.59733,0.003113,1.631069,0.023255454155960916,19.139,0.011,1.229,0.019,0.359,0.039,1.563,0.017,0.99,1
Gaia EDR3 5600791770958540928,-0.097073,0.091268,119.61114872461,-28.48342029758,0.1338,0.0528,-2.385,0.044,2.816,0.051,16.81857,0.00281,0.902302,0.006613891819496294,17.036,0.01,0.641,0.014,0.294,0.013,0.794,0.015,0.99,1
Gaia EDR3 5597788283149647872,0.01322,0.027614,119.73663950886,-28.54711853402,0.1958,0.0189,-2.456,0.016,2.963,0.018,13.466193,0.002768,0.609287,0.004753874419881114,13.608,0.013,0.408,0.019,-0.372,0.017,0.535,0.017,1.0,1
Gaia EDR3 5597789417021025536,-0.042628,0.073797,119.67308305284,-28.50092778986,0.2172,0.1012,-2.345,0.085,2.802,0.099,18.036787,0.002943,1.312374,0.013914120166219637,18.371,0.013,0.949,0.02,0.524,0.021,1.174,0.019,1.0,1
Gaia EDR3 5597784606658025088,0.014551,-0.041965,119.7381660861,-28.61669703368,0.1727,0.0298,-2.466,0.026,2.938,0.028,15.797799,0.002773,0.845223,0.005333015375938832,16.009,0.009,0.579,0.014,-0.027,0.013,0.722,0.013,1.0,1
Gaia EDR3 5597787905183488128,-0.023311,0.002455,119.69504627216,-28.57227580251,0.2722,0.1711,-2.361,0.14,2.836,0.157,18.905092,0.003299,1.405678,0.03814621104382452,19.294,0.018,1.148,0.028,0.531,0.051,1.32,0.028,1.0,1
Gaia EDR3 5597782884360523904,-0.00512,-0.089448,119.71575481088,-28.66418116083,0.1959,0.2092,-2.318,0.154,3.05,0.167,18.928211,0.003275,1.498224,0.037948302109580605,19.362,0.012,1.076,0.023,0.406,0.04,1.353,0.018,0.99,1
Gaia EDR3 5597784430553958016,0.015788,-0.048053,119.7395765282,-28.62278543012,0.141,0.0641,-2.232,0.056,2.857,0.06,17.24853,0.002833,0.956219,0.008227538392496262,17.462,0.01,0.708,0.016,0.426,0.016,0.823,0.015,1.0,1
Gaia EDR3 5597784159981422208,0.035973,-0.070978,119.76258021813,-28.64570460102,0.1304,0.1007,-2.316,0.086,2.803,0.098,17.948246,0.002942,1.385927,0.01438265013827424,18.383,0.009,1.038,0.015,0.357,0.019,1.303,0.014,1.0,1
Gaia EDR3 5597788729826265600,-0.036754,0.033688,119.67975177068,-28.54103893638,0.1886,0.0517,-2.447,0.046,2.849,0.05,17.008759,0.002805,0.917742,0.00785865185639369,17.17,0.014,0.656,0.019,0.292,0.02,0.809,0.02,1.0,1
Gaia EDR3 5597787595954891776,0.009976,-0.014895,119.73295156891,-28.58962772464,0.055,0.0409,-2.304,0.034,2.955,0.038,15.736159,0.002797,0.731356,0.01053627429407568,15.849,0.014,0.446,0.025,-0.038,0.028,0.633,0.022,1.0,1
Gaia EDR3 5597788038321695744,0.01217,0.006991,119.73544721231,-28.56774144314,0.2887,0.0624,-2.369,0.051,2.991,0.058,17.302008,0.002833,1.100967,0.008605409519598704,17.549,0.01,0.792,0.013,0.458,0.016,0.963,0.017,1.0,1
Gaia EDR3 5597789034758924800,-0.054832,0.060855,119.65918940039,-28.51386436383,0.2584,0.1037,-2.285,0.086,3.015,0.108,18.039042,0.00295,1.582228,0.018603909938504862,18.535,0.015,1.095,0.022,0.5,0.031,1.507,0.02,1.0,1
Gaia EDR3 5597784361828633984,0.046808,-0.039156,119.77491011379,-28.61387864201,0.1763,0.0119,-2.322,0.01,3.057,0.012,11.985541,0.002762,0.636736,0.004745612289262577,12.19,0.009,0.395,0.022,-0.467,0.023,0.584,0.016,1.0,1
Gaia EDR3 5597788691161543040,-0.027282,0.0236,119.69053097873,-28.55112976127,0.145,0.0225,-2.46,0.02,2.976,0.023,14.547982,0.002769,0.761051,0.005216971631128542,14.722,0.016,0.472,0.022,-0.113,0.02,0.716,0.019,1.0,1
Gaia EDR3 5597787561597209600,0.010053,-0.02317,119.73303997434,-28.59790231102,0.2025,0.0411,-2.244,0.036,2.827,0.038,16.431538,0.002805,0.845006,0.007003614852345894,16.65,0.009,0.572,0.013,0.126,0.012,0.748,0.012,1.0,1
Gaia EDR3 5597787561595529472,0.005497,-0.033594,119.72785137106,-28.60832680232,0.1762,0.0273,-2.213,0.025,2.865,0.026,15.091069,0.002779,0.740912,0.0056263327310069385,15.262,0.01,0.482,0.014,-0.199,0.012,-0.363,0.095,1.0,1
Gaia EDR3 5597788691156832256,-0.021551,0.032249,119.69705784072,-28.5424824766,0.1659,0.079,-2.347,0.068,3.062,0.08,17.669704,0.002887,1.370216,0.009848791601003649,18.002,0.016,0.963,0.022,0.305,0.024,1.252,0.021,1.0,1
Gaia EDR3 5597788283149647104,0.015204,0.025779,119.7388989081,-28.54895351791,0.2053,0.0335,-2.326,0.027,2.785,0.031,16.037441,0.00278,0.781384,0.005465461096741976,16.183,0.01,0.568,0.014,0.321,0.016,0.651,0.013,1.0,1
Gaia EDR3 5597788351869126784,-0.001721,0.040294,119.71963167535,-28.53443918255,0.1786,0.0494,-2.48,0.043,2.939,0.047,16.765457,0.002802,0.867157,0.006546158033533868,16.957,0.013,0.553,0.019,0.236,0.02,0.785,0.019,1.0,1
Gaia EDR3 5597788038326517120,0.015299,0.01639,119.73900819669,-28.55834224798,0.3169,0.0754,-2.372,0.058,2.915,0.091,17.457472,0.002896,1.357817,0.037894738539802596,17.762,0.028,1.044,0.056,,,1.366,0.032,1.0,1
Gaia EDR3 5597786015406944384,-0.029127,-0.039447,119.68841116458,-28.6141764679,0.1675,0.011,-2.216,0.009,2.851,0.01,13.113643,0.002766,0.530093,0.004761800709815563,13.264,0.01,0.366,0.016,-0.438,0.015,0.495,0.013,1.0,1
Gaia EDR3 5597788901615925888,-0.072314,0.041507,119.63927898638,-28.53320113407,0.0925,0.189,-2.438,0.148,2.982,0.176,18.847084,0.003313,1.516697,0.03445912976266232,19.321,0.015,1.154,0.027,0.4,0.045,1.48,0.021,1.0,1
Gaia EDR3 5597788691156847488,-0.02735,0.032192,119.69045597994,-28.54253800924,0.1366,0.0388,-2.475,0.033,2.894,0.037,16.320845,0.002788,0.842149,0.007222782012493524,16.491,0.012,0.572,0.017,0.101,0.018,0.746,0.016,1.0,1
Gaia EDR3 5597788248789911808,0.008072,0.023426,119.73078015918,-28.55130655966,0.2994,0.043,-2.313,0.035,2.999,0.04,16.540909,0.002793,0.792034,0.006163101816455736,16.692,0.011,0.555,0.016,0.196,0.017,0.679,0.016,1.0,1
Gaia EDR3 5597788248789911424,0.013593,0.016314,119.73706607154,-28.55841793021,0.1932,0.0149,-2.234,0.012,3.025,0.014,11.491904,0.002774,0.562245,0.004730608946002618,11.642,0.011,0.385,0.016,-0.514,0.015,0.472,0.014,1.0,1
Gaia EDR3 5597787630316598272,-0.008433,-0.017514,119.7119857408,-28.59224698222,0.2814,0.2239,-2.296,0.178,2.825,0.187,19.15944,0.003625,1.784533,0.05302712344640241,19.758,0.016,1.431,0.03,0.522,0.084,1.677,0.023,1.0,1
Gaia EDR3 5597787630314634624,-6.9e-05,-0.017483,119.721511948,-28.59221616157,0.2042,0.1129,-2.322,0.091,2.777,0.103,18.113035,0.002949,1.380638,0.018437406813323832,18.447,0.018,1.118,0.031,0.277,0.04,1.278,0.021,1.0,1
Gaia EDR3 5597785014664669952,0.035967,-0.004221,119.76254781399,-28.57894769111,0.2133,0.0821,-2.401,0.068,3.057,0.081,17.668272,0.002875,1.104876,0.012341759396455597,17.956,0.011,0.777,0.014,0.415,0.017,1.008,0.016,1.0,1
Gaia EDR3 5597782991750357248,-0.005899,-0.065709,119.71486892451,-28.64044193263,0.108,0.0182,-2.231,0.016,3.004,0.017,14.451716,0.002767,2.142715,0.004863796253956368,15.313,0.008,1.864,0.012,1.293,0.014,2.075,0.012,0.99,1
Gaia EDR3 5597787561595527168,0.004877,-0.029087,119.7271456379,-28.60382005818,0.1595,0.0151,-2.233,0.013,2.814,0.014,14.080236,0.002768,0.596803,0.004887151522103648,14.245,0.011,0.394,0.015,-0.349,0.012,0.533,0.015,1.0,1
Gaia EDR3 5597788759876350464,-0.03528,0.040807,119.68143281249,-28.5339206245,0.1898,0.0745,-2.471,0.065,3.0,0.074,17.633144,0.002858,1.441336,0.011469009765450545,18.041,0.016,1.057,0.024,0.319,0.026,1.337,0.023,1.0,1
Gaia EDR3 5600791766648396160,-0.098625,0.08458,119.60937559817,-28.49010710537,0.2165,0.1112,-2.284,0.094,2.785,0.109,18.111605,0.00298,1.240774,0.013961310003004733,18.466,0.013,0.869,0.017,,,1.136,0.018,0.99,1
Gaia EDR3 5597789004704175616,-0.054092,0.048314,119.6600238079,-28.5264048728,0.094,0.0728,-2.418,0.062,3.024,0.072,17.530733,0.002848,1.068342,0.010476750736750398,17.76,0.012,0.773,0.017,0.447,0.02,0.981,0.018,1.0,1
Gaia EDR3 5597788072681502080,0.017224,0.01795,119.74119957087,-28.55678196204,0.1188,0.0827,-2.367,0.068,2.784,0.079,17.768543,0.002882,1.159161,0.011800901363878947,18.047,0.009,0.829,0.013,0.41,0.02,1.042,0.017,1.0,1
Gaia EDR3 5597788454948335360,0.013767,0.057161,119.73725821977,-28.51757116747,0.1915,0.1,-2.229,0.083,2.816,0.094,17.927479,0.002929,1.386221,0.01537973835928297,18.323,0.018,1.071,0.026,0.485,0.031,1.278,0.023,1.0,1
Gaia EDR3 5597787626009655424,-0.002547,-0.003969,119.71868946327,-28.57870211113,0.1703,0.2749,-2.493,0.22,2.914,0.23,19.502415,0.004201,1.972118,0.06514068984897228,20.061,0.019,1.466,0.044,,,1.84,0.027,1.0,1
Gaia EDR3 5597787011839366400,-0.069715,-0.02368,119.6421882796,-28.59839024414,0.2095,0.0345,-2.286,0.031,3.068,0.033,16.057888,0.002783,0.738972,0.005811775976412029,16.191,0.006,0.554,0.012,0.297,0.014,0.613,0.009,0.99,1
Gaia EDR3 5597789004695127424,-0.065766,0.054668,119.64674106591,-28.52004509978,0.3263,0.0902,-2.304,0.096,2.881,0.088,17.525875,0.002921,1.263775,0.044641006093053055,17.602,0.026,0.963,0.042,0.395,0.051,,,0.99,1
Gaia EDR3 5597787458516321024,0.001035,-0.038369,119.72276856695,-28.61310179089,0.2782,0.0513,-2.327,0.043,3.047,0.047,16.764322,0.002805,0.928892,0.006784770961498995,16.986,0.01,0.619,0.014,0.293,0.015,0.828,0.014,1.0,1
Gaia EDR3 5597784434859345664,0.011315,-0.056378,119.73448102834,-28.63111110834,0.2575,0.0488,-2.211,0.041,2.867,0.043,16.573727,0.002794,0.820248,0.006762065143134899,16.765,0.009,0.572,0.013,0.242,0.014,0.709,0.013,1.0,1
Gaia EDR3 5600791874037686912,-0.039498,0.086022,119.67665028808,-28.48870424981,0.1542,0.0727,-2.498,0.062,2.909,0.069,17.536753,0.002862,1.361456,0.011103431946925238,17.909,0.011,0.987,0.016,0.516,0.02,1.248,0.018,1.0,1
Gaia EDR3 5597788072681501952,0.023272,0.022892,119.74808362692,-28.55183818335,0.2103,0.1731,-2.185,0.146,2.875,0.156,18.931816,0.003445,1.695467,0.029105856798933096,19.524,0.017,1.31,0.029,0.592,0.073,1.658,0.029,1.0,1
Gaia EDR3 5597788970344434432,-0.044788,0.04675,119.67061315116,-28.52797329781,0.1784,0.0557,-2.503,0.05,2.908,0.055,15.337905,0.002813,0.64139,0.005191298874077662,15.428,0.011,0.424,0.014,0.196,0.014,0.543,0.015,1.0,1
Gaia EDR3 5597785053334581888,0.045094,-0.011431,119.77294424857,-28.58615506184,0.3038,0.1087,-2.266,0.085,2.844,0.111,18.095486,0.00295,1.217209,0.01455653488986991,18.449,0.01,0.884,0.016,0.282,0.02,1.131,0.015,0.99,1
Gaia EDR3 5597785152108495616,0.049706,0.011291,119.77818441468,-28.56343056714,0.0982,0.0871,-2.207,0.068,2.982,0.092,17.698719,0.002895,1.416679,0.014209556572954696,18.12,0.011,1.037,0.016,0.5,0.019,1.318,0.015,1.0,1
Gaia EDR3 5597787424156607488,-0.016908,-0.048196,119.70232831725,-28.62292826496,0.1951,0.0944,-2.259,0.09,2.779,0.084,17.896152,0.002911,1.30134,0.014471278623535654,18.233,0.012,0.959,0.02,0.364,0.022,1.183,0.015,1.0,1
Gaia EDR3 5597784125621702144,0.023594,-0.080887,119.74847741239,-28.65561802387,0.3311,0.0461,-2.314,0.039,2.863,0.042,16.504576,0.002803,1.002148,0.006752356625653003,16.747,0.007,0.733,0.011,0.348,0.011,0.864,0.01,0.99,1
Gaia EDR3 5597787630314634496,-0.004127,-0.00999,119.71689040859,-28.58472331248,0.1974,0.0108,-2.174,0.009,2.897,0.01,12.410881,0.002811,0.544595,0.005294116451307055,12.543,0.012,0.358,0.016,-0.424,0.011,0.462,0.014,1.0,1
Gaia EDR3 5597788656797040128,-0.036266,0.020441,119.68030257882,-28.55428585851,0.0157,0.2302,-2.346,0.194,2.967,0.209,19.17578,0.003465,1.361155,0.04127186040148905,19.604,0.016,1.037,0.033,0.355,0.053,1.39,0.027,0.99,1
Gaia EDR3 5597788661106789248,-0.027755,0.017385,119.68999078462,-28.55734458817,0.1333,0.052,-2.472,0.046,3.018,0.05,16.932615,0.002805,0.887457,0.007650073006187588,17.113,0.012,0.614,0.019,0.255,0.021,0.797,0.019,1.0,1
Gaia EDR3 5597787595954886400,0.019505,-0.010678,119.74380327871,-28.58540916898,0.2201,0.0299,-2.185,0.026,2.986,0.028,15.775371,0.002775,0.735861,0.005403581404957272,15.948,0.007,0.481,0.009,-0.015,0.009,0.642,0.011,1.0,1
Gaia EDR3 5597788381919228288,0.030493,0.039076,119.75629927495,-28.53565300979,0.1083,0.0898,-2.323,0.076,2.767,0.086,17.802553,0.002877,1.272425,0.01115722590969637,18.124,0.014,0.919,0.02,0.478,0.028,1.171,0.018,1.0,1
Gaia EDR3 5597788317509389824,0.000327,0.029692,119.72196211831,-28.54504100774,0.2088,0.0599,-2.345,0.048,3.099,0.058,17.05594,0.002836,0.998652,0.007485389301833272,17.27,0.014,0.674,0.021,0.333,0.024,0.927,0.018,1.0,1
Gaia EDR3 5597784537938540160,0.02482,-0.041336,119.74986401147,-28.61606612916,0.1753,0.0455,-2.229,0.038,2.782,0.042,16.538153,0.002795,0.85396,0.008099485539217908,16.75,0.008,0.59,0.013,0.156,0.013,0.758,0.014,1.0,1
Gaia EDR3 5597784400499621760,0.00681,-0.076749,119.72935052986,-28.65148238053,0.3196,0.0996,-2.229,0.086,2.938,0.103,17.971699,0.002916,1.325109,0.01276912722154494,18.357,0.009,0.972,0.015,0.415,0.023,1.222,0.015,0.99,1
Gaia EDR3 5597783850743736320,0.08105,-0.069624,119.813942829,-28.64432620911,0.1436,0.1661,-2.229,0.142,3.061,0.17,18.798735,0.003426,1.657602,0.05016575742476136,19.291,0.013,1.261,0.028,,,1.567,0.018,0.99,1
Gaia EDR3 5600791526130213120,-0.067243,0.078082,119.64507756691,-28.4966294702,0.3516,0.0944,-2.381,0.081,2.898,0.096,17.950045,0.002913,1.163618,0.015249447530976328,18.238,0.014,0.879,0.018,0.413,0.02,1.07,0.02,0.99,1
Gaia EDR3 5597786290277131648,-0.050852,-0.021837,119.66367341406,-28.59655789294,0.0543,0.1883,-2.214,0.161,2.961,0.181,18.94991,0.003332,1.25293,0.03979467679225451,19.273,0.013,1.074,0.026,0.481,0.043,1.156,0.019,0.99,1
Gaia EDR3 5597784159981432832,0.029131,-0.078391,119.75478604098,-28.65312006482,0.3094,0.0359,-2.22,0.031,2.886,0.033,16.082714,0.002786,0.797111,0.0056183278651214365,16.256,0.006,0.587,0.01,0.378,0.011,0.651,0.01,0.99,1
Gaia EDR3 5597787527235425920,-0.012421,-0.023136,119.70744286603,-28.59786844323,0.1979,0.0396,-2.189,0.033,2.823,0.035,16.217596,0.002787,0.815168,0.006140277843876448,16.403,0.01,0.577,0.013,0.051,0.012,0.699,0.013,1.0,1
Gaia EDR3 5597784709737187200,0.071973,-0.037543,119.80357493343,-28.61225153099,0.1615,0.045,-2.247,0.04,2.767,0.047,16.474602,0.002796,0.775917,0.0069039937717237255,16.647,0.007,0.525,0.011,0.174,0.01,0.667,0.011,1.0,1
Gaia EDR3 5597784606658023552,0.015919,-0.040822,119.73972387656,-28.61555407997,0.1591,0.0756,-2.225,0.066,2.778,0.069,17.519432,0.002863,1.016359,0.011246643454826866,17.774,0.012,0.748,0.018,0.443,0.018,0.913,0.017,1.0,1
Gaia EDR3 5597787419846197760,-0.012965,-0.040167,119.70682145663,-28.61489974868,0.1747,0.0649,-2.292,0.059,2.743,0.059,17.278381,0.002837,0.963833,0.008943977750419553,17.51,0.01,0.685,0.016,0.371,0.016,0.85,0.014,1.0,1
Gaia EDR3 5597787595954892416,0.008581,-0.015218,119.7313628341,-28.58995040741,0.2066,0.0133,-2.155,0.011,2.934,0.012,11.838469,0.002762,0.514623,0.004744617265913026,11.994,0.012,0.333,0.019,-0.525,0.016,0.442,0.016,1.0,1
Gaia EDR3 5597787557285231616,-0.00091,-0.023742,119.72055393868,-28.59847535197,0.239,0.0666,-2.199,0.057,2.808,0.062,17.358316,0.002848,0.957544,0.009537456369493913,17.592,0.009,0.702,0.014,0.347,0.017,0.861,0.015,1.0,1
Gaia EDR3 5600791319971724416,-0.07871,0.046013,119.63200247176,-28.52869062635,0.2316,0.1278,-2.273,0.108,3.095,0.129,18.422064,0.003023,1.392143,0.023484277825813592,18.823,0.014,1.043,0.02,0.586,0.039,1.317,0.02,1.0,1
Gaia EDR3 5597784430548865664,0.016723,-0.061684,119.74064400006,-28.6364155865,0.1364,0.1075,-2.497,0.091,2.822,0.099,18.048347,0.002964,1.319916,0.015828533791858296,18.426,0.009,0.997,0.016,0.383,0.024,1.185,0.016,0.99,1
Gaia EDR3 5597787522925512320,-0.006549,-0.021342,119.71413179567,-28.596074848,0.0518,0.1158,-2.208,0.092,2.86,0.105,18.228336,0.002963,1.46253,0.024500073979480144,18.702,0.013,1.051,0.02,0.378,0.026,1.39,0.02,1.0,1
Gaia EDR3 5597787733386892672,-0.023068,-0.010606,119.69532027545,-28.58533697516,0.1651,0.3195,-2.148,0.241,2.952,0.257,19.582684,0.004021,1.82947,0.05534629596459008,20.222,0.021,1.39,0.041,,,1.758,0.028,1.0,1
Gaia EDR3 5600791874037684096,-0.042096,0.095812,119.67369897088,-28.47891306181,0.1671,0.056,-2.525,0.048,2.867,0.053,16.832664,0.00282,1.180258,0.009211940295073563,17.122,0.007,0.837,0.012,0.455,0.015,1.06,0.013,1.0,1
Gaia EDR3 5597782987439839744,-0.006902,-0.066932,119.71372635707,-28.64166530367,0.2296,0.0919,-2.233,0.083,2.767,0.082,17.86687,0.002915,1.462688,0.014463253921576569,18.292,0.008,1.077,0.015,0.409,0.023,1.347,0.013,1.0,1
Gaia EDR3 5597788935984701184,-0.05852,0.040586,119.65497937521,-28.53413131167,0.1837,0.0209,-2.294,0.018,3.114,0.02,14.997278,0.00277,0.991422,0.005134997663095866,15.343,0.013,0.735,0.016,-0.181,0.012,0.92,0.017,1.0,1
Gaia EDR3 5600791393001428480,-0.090397,0.067049,119.61872056447,-28.50764567691,0.1968,0.0348,-2.271,0.033,3.107,0.033,16.031048,0.002785,0.637553,0.005634833449180197,16.162,0.01,0.44,0.014,0.314,0.013,0.523,0.014,0.99,1
Gaia EDR3 5597788935984700288,-0.050822,0.034451,119.66373750199,-28.5402704596,0.2455,0.0293,-2.499,0.025,2.829,0.031,15.525469,0.002774,0.788757,0.005195969688133294,15.669,0.01,0.548,0.014,0.329,0.014,0.68,0.017,1.0,1
Gaia EDR3 5597785152103661056,0.056507,0.003997,119.785932358,-28.57072111369,0.0716,0.0502,-2.291,0.04,3.082,0.047,16.739727,0.002808,0.962944,0.006991051780669344,16.978,0.008,0.642,0.012,0.26,0.013,0.867,0.013,0.99,1
Gaia EDR3 5597787492868755584,-0.022983,-0.036153,119.69540993633,-28.61088389633,0.0568,0.4051,-2.354,0.328,3.082,0.344,19.744438,0.004253,1.609592,0.07436769735577403,20.262,0.027,1.158,0.048,0.238,0.094,,,0.99,1
Gaia EDR3 5597787870832797056,-0.004253,0.015868,119.71674743249,-28.55886472681,0.1713,0.0458,-2.505,0.036,2.804,0.041,16.529171,0.002796,0.929229,0.006297698786064637,16.746,0.01,0.619,0.015,0.157,0.016,0.837,0.015,1.0,1
Gaia EDR3 5597789172193283712,-0.016636,0.05733,119.70265709079,-28.51740236346,0.1798,0.0521,-2.19,0.044,2.783,0.053,16.88512,0.002804,0.931335,0.008124976799966876,17.075,0.013,0.65,0.019,0.208,0.02,0.835,0.018,1.0,1
Gaia EDR3 5597787935247299328,-0.020083,0.018713,119.69872532835,-28.5560184413,0.2134,0.1173,-2.4,0.098,2.73,0.117,18.320566,0.003004,1.30884,0.018704796523886593,18.638,0.014,0.909,0.021,0.423,0.026,1.233,0.021,1.0,1
Gaia EDR3 5597787454205933952,-0.003563,-0.039807,119.71753140009,-28.61453979689,0.0829,0.1344,-2.157,0.116,2.935,0.124,18.386734,0.003017,1.541584,0.022145245313610777,18.893,0.016,1.055,0.023,0.34,0.034,1.425,0.02,1.0,1
Gaia EDR3 5597783365396223744,0.030498,-0.094664,119.75634950828,-28.66939321039,0.321,0.0141,-2.395,0.012,2.785,0.014,12.610752,0.002765,0.375021,0.01596276066349427,12.658,0.027,0.238,0.05,-0.299,0.046,0.271,0.041,0.99,1
Gaia EDR3 5597787935242491648,-0.013746,0.010031,119.70593947717,-28.56470088272,0.0995,0.154,-2.165,0.125,3.004,0.143,18.595093,0.003152,1.885809,0.035268191249339685,19.205,0.019,1.469,0.03,0.85,0.07,1.745,0.025,1.0,1
Gaia EDR3 5597787527235426816,-0.015461,-0.021561,119.70398107764,-28.59629354093,0.2508,0.0293,-2.147,0.025,2.887,0.027,12.498679,0.002762,0.616155,0.004736604057761214,12.645,0.013,0.44,0.017,-0.415,0.014,0.512,0.019,1.0,1
Gaia EDR3 5597789279572937728,-0.004986,0.065115,119.71591573526,-28.50961860211,0.2859,0.1206,-2.467,0.101,3.048,0.12,18.294905,0.002974,1.496269,0.021967074452461804,18.75,0.016,1.083,0.023,0.332,0.029,1.422,0.022,0.99,1
Gaia EDR3 5597787492875693952,-0.029267,-0.037783,119.68825227805,-28.61251223014,0.1587,0.0142,-2.403,0.012,2.721,0.013,13.75774,0.002765,0.544927,0.004820867660494322,13.894,0.01,0.381,0.016,-0.39,0.015,0.495,0.013,1.0,1
Gaia EDR3 5597784503578818816,0.006912,-0.044749,119.72946455803,-28.61948194478,0.0969,0.0542,-2.232,0.047,2.757,0.049,16.92084,0.002812,0.862154,0.0075293588704484,17.132,0.01,0.61,0.015,0.298,0.014,0.763,0.015,1.0,1
Gaia EDR3 5597787935242550400,-0.009735,0.02342,119.71050680994,-28.55131306502,0.087,0.0931,-2.151,0.079,2.865,0.09,17.553503,0.002994,1.141695,0.01022305629447476,17.795,0.011,0.832,0.018,0.235,0.022,1.071,0.018,1.0,1
Gaia EDR3 5597786187205643264,-0.05034,-0.045158,119.66424309301,-28.6198787257,0.1436,0.054,-2.276,0.049,2.718,0.053,16.952782,0.002807,0.822109,0.008087660353897163,17.124,0.008,0.585,0.014,0.276,0.015,0.722,0.01,0.99,1
Gaia EDR3 5597787660369394432,0.005749,0.006534,119.7281357318,-28.56819887675,0.2395,0.1404,-2.436,0.111,2.737,0.13,18.571081,0.003277,1.812948,0.025452821336739866,19.158,0.013,1.453,0.022,0.714,0.061,1.748,0.02,1.0,1
Gaia EDR3 5597788695466523136,-0.023115,0.025495,119.69527528185,-28.54923575056,0.1978,0.0874,-2.299,0.075,3.138,0.088,17.788363,0.002887,1.103188,0.011337081679162411,18.02,0.013,0.794,0.02,0.443,0.03,0.998,0.021,1.0,1
Gaia EDR3 5600791289922226432,-0.089852,0.047545,119.61932136072,-28.52715010687,0.2896,0.0417,-2.37,0.035,3.111,0.039,16.456861,0.002789,1.037218,0.00670333208188286,16.716,0.009,0.759,0.014,0.264,0.013,0.898,0.013,0.99,1
Gaia EDR3 5597787900882708224,-0.023558,0.000345,119.6947650819,-28.57438530863,0.1579,0.1601,-2.236,0.136,3.119,0.15,18.829597,0.003317,1.611721,0.032539812199826844,19.343,0.014,1.225,0.026,0.472,0.062,1.57,0.026,1.0,1
Gaia EDR3 5597788347559457024,0.003875,0.03417,119.72600093929,-28.54056343638,0.0541,0.1166,-2.498,0.094,3.023,0.113,18.230433,0.003022,1.303968,0.018044826460789254,18.589,0.017,0.952,0.024,0.367,0.031,1.221,0.025,0.99,1
Gaia EDR3 5597788523660863360,-0.053471,-0.002579,119.66070078616,-28.57729864545,0.307,0.3494,-2.353,0.282,3.108,0.307,19.626572,0.004113,1.466873,0.07777586968334073,19.977,0.02,1.191,0.034,,,1.383,0.025,0.99,1
Gaia EDR3 5597784297412044032,0.055326,-0.064376,119.78462844559,-28.63909492491,0.2965,0.2101,-2.461,0.17,2.772,0.19,19.029581,0.003455,1.793875,0.0335475375102257,19.638,0.012,1.335,0.027,0.833,0.085,1.665,0.02,0.99,1
Gaia EDR3 5597784361829435904,0.041692,-0.051066,119.76908820855,-28.62579097803,0.1784,0.0879,-2.148,0.082,3.049,0.092,17.750235,0.002923,1.114662,0.01147351319343818,18.066,0.008,0.821,0.013,0.242,0.018,1.016,0.014,1.0,1
Gaia EDR3 5597784464908628608,-0.005978,-0.055464,119.71477913095,-28.6301975695,0.2381,0.1702,-2.225,0.144,3.117,0.157,18.8057,0.003186,1.437942,0.030014125541151453,19.241,0.012,1.046,0.023,0.394,0.039,1.346,0.019,0.99,1
Gaia EDR3 5600791908383163776,-0.06049,0.101947,119.65277657312,-28.47276891091,0.3081,0.0723,-2.439,0.062,2.757,0.07,17.421711,0.002868,1.433634,0.02254502916387557,17.796,0.01,0.981,0.016,0.487,0.023,1.25,0.018,0.99,1
Gaia EDR3 5597787660364527872,0.007146,-0.003509,119.72972757771,-28.57824179087,0.3416,0.1386,-2.394,0.116,3.089,0.13,18.495934,0.003278,1.797861,0.023316203893429994,19.119,0.014,1.377,0.025,0.628,0.063,1.693,0.018,0.99,1
Gaia EDR3 5597787458516318336,-0.00367,-0.02636,119.71741057805,-28.60109276823,0.2037,0.0135,-2.354,0.012,2.685,0.013,12.487686,0.002763,0.596303,0.0047930204464408455,12.619,0.01,0.44,0.016,-0.413,0.014,0.489,0.017,1.0,1
Gaia EDR3 5597784190030639872,0.012163,-0.074595,119.73545043662,-28.64932799272,0.178,0.0762,-2.143,0.067,2.784,0.071,17.513466,0.002872,1.411058,0.011274641856839622,17.935,0.009,1.022,0.015,0.478,0.021,1.305,0.013,1.0,1
Gaia EDR3 5600791491777210240,-0.077543,0.069165,119.63335030019,-28.50553975335,0.3256,0.0871,-2.251,0.077,2.753,0.082,17.82572,0.002927,1.262196,0.015475814841228877,18.147,0.011,1.042,0.016,0.389,0.022,1.153,0.017,0.99,1
Gaia EDR3 5597787729083970560,-0.019734,-0.011513,119.69911694653,-28.58624400886,0.277,0.0792,-2.124,0.067,2.873,0.073,17.679913,0.002882,1.520985,0.009936136271207234,18.149,0.012,1.107,0.019,0.392,0.03,1.446,0.017,1.0,1
Gaia EDR3 5597784469210897792,0.002228,-0.060822,119.72412851993,-28.6355547724,0.3147,0.0425,-2.187,0.039,3.055,0.043,14.335516,0.002822,0.736664,0.004886657855835622,14.49,0.009,0.498,0.016,-0.153,0.015,0.656,0.015,0.99,1
Gaia EDR3 5597786187206060160,-0.048887,-0.053394,119.6658939126,-28.62811604022,0.1478,0.0305,-2.206,0.026,3.126,0.028,15.675519,0.002868,0.757036,0.00638900594771988,15.894,0.006,0.51,0.011,-0.088,0.012,0.675,0.01,0.99,1
Gaia EDR3 5597788828595748224,-0.06462,0.024028,119.64802403581,-28.55068524081,0.2391,0.0952,-2.581,0.084,2.946,0.095,17.846039,0.002951,1.83353,0.018669163880581263,18.447,0.015,1.412,0.023,0.497,0.037,1.776,0.021,1.0,1
Gaia EDR3 5597783850743731968,0.085252,-0.068624,119.81873039195,-28.64332291748,0.2275,0.065,-2.197,0.058,2.722,0.066,17.317173,0.002832,0.936249,0.009871104548124288,17.532,0.009,0.679,0.012,0.437,0.012,0.836,0.012,0.99,1
Gaia EDR3 5597788828595765888,-0.06833,0.027358,119.64380301536,-28.54735337508,0.1236,0.0831,-2.102,0.073,2.839,0.077,17.71262,0.002887,1.613653,0.014693320285081926,18.216,0.011,1.186,0.017,0.416,0.026,1.516,0.017,1.0,1
Gaia EDR3 5597783953822931840,0.083242,-0.037276,119.81641135219,-28.61197678439,0.1869,0.0245,-2.115,0.021,2.796,0.024,15.258753,0.002771,0.73248,0.005137521678786378,15.437,0.007,0.497,0.011,-0.062,0.011,0.629,0.012,0.99,1
Gaia EDR3 5597784464908619264,-0.004368,-0.057773,119.71661366565,-28.63250638644,0.2726,0.1482,-2.317,0.126,2.683,0.139,18.503971,0.003087,1.512146,0.020296355140763573,18.927,0.014,1.145,0.022,0.329,0.029,1.394,0.018,0.99,1
Gaia EDR3 5597788897316494080,-0.07553,0.041794,119.63561823243,-28.53291165937,0.2018,0.042,-2.098,0.035,3.017,0.039,16.44427,0.002792,1.05475,0.0058227816376711225,16.708,0.009,0.704,0.014,0.159,0.015,0.973,0.014,0.99,1
Gaia EDR3 5600791972806877824,-0.029046,0.106411,119.68854903771,-28.4683182203,0.1495,0.1545,-2.432,0.123,2.681,0.152,18.694939,0.003146,1.482614,0.03070092384603434,19.168,0.012,1.059,0.021,0.432,0.039,1.405,0.021,0.99,1
Gaia EDR3 5597788759876370944,-0.034936,0.045745,119.68182613458,-28.52898235753,0.062,0.1044,-2.507,0.087,3.086,0.103,18.06441,0.002946,1.44692,0.026294755465681746,18.498,0.019,1.025,0.027,0.381,0.032,1.377,0.025,0.99,1
Gaia EDR3 5600791461720864384,-0.061614,0.076484,119.65148152378,-28.49823130225,0.1962,0.0564,-2.598,0.052,2.954,0.053,17.060768,0.002823,0.988825,0.011121540271023614,17.306,0.01,0.692,0.014,0.277,0.015,0.884,0.017,1.0,1
Gaia EDR3 5597787492866653568,-0.02602,-0.037914,119.69195039534,-28.61264395033,0.3423,0.1636,-2.193,0.139,2.777,0.148,18.746431,0.003208,1.431404,0.051088010276384814,19.131,0.013,1.14,0.022,0.574,0.044,1.273,0.018,0.99,1
Gaia EDR3 5597788003961932800,0.034166,0.001437,119.76049458295,-28.57329050237,0.1702,0.1677,-2.597,0.141,2.85,0.161,18.897486,0.003281,1.739393,0.04275758268424444,19.442,0.015,1.224,0.023,0.571,0.079,1.604,0.024,1.0,1
Gaia EDR3 5597788832906041216,-0.05589,0.029995,119.65796634756,-28.54472343713,0.1027,0.2898,-2.232,0.227,2.686,0.244,19.408234,0.003745,1.778667,0.06522502502874185,19.964,0.029,1.338,0.049,0.13,0.083,1.683,0.036,1.0,1
Gaia EDR3 5600791354331476736,-0.096798,0.054073,119.61142302827,-28.52061621695,0.1379,0.2889,-2.162,0.23,2.72,0.314,19.330624,0.003703,1.706474,0.06142699948719618,19.841,0.018,1.446,0.035,,,1.495,0.024,0.99,1
Gaia EDR3 5597784778449403520,0.066294,-0.017115,119.79709146023,-28.59182774899,0.1196,0.2423,-2.249,0.194,3.177,0.221,19.331656,0.003564,1.666683,0.0436798590657067,19.843,0.017,1.264,0.032,,,1.521,0.023,0.99,1
Gaia EDR3 5597785087694294272,0.069287,-0.004237,119.8004907835,-28.57894747019,0.1857,0.0468,-2.254,0.039,3.186,0.046,16.700705,0.002806,0.898382,0.006210523729928097,16.917,0.009,0.604,0.013,0.347,0.012,0.801,0.013,0.99,1
Gaia EDR3 5597787870832800896,-0.009235,0.007297,119.71107542901,-28.56743576538,0.161,0.0185,-2.538,0.016,3.116,0.018,14.787498,0.002767,0.685074,0.004931110422612741,14.932,0.012,0.464,0.016,-0.221,0.013,0.595,0.015,1.0,1
Gaia EDR3 5597788180063451520,0.032282,0.02778,119.7583398508,-28.54694811993,0.2944,0.2306,-2.383,0.183,3.173,0.197,19.192085,0.003522,1.683613,0.05187115719742524,19.832,0.021,1.454,0.048,,,1.7,0.029,0.99,1
Gaia EDR3 5597789004704175360,-0.055659,0.051247,119.65824249867,-28.52347111729,0.2502,0.0937,-2.571,0.08,2.785,0.088,16.880266,0.002901,1.127315,0.006553983292624418,16.992,0.009,0.765,0.013,0.363,0.015,1.019,0.014,1.0,1
Gaia EDR3 5597788867265230720,-0.074621,0.031631,119.63664446942,-28.54307571726,0.1538,0.0404,-2.602,0.033,2.818,0.038,16.332401,0.002794,2.253,0.00705924769362855,17.267,0.012,1.84,0.017,1.139,0.026,2.227,0.017,0.99,1
Gaia EDR3 5597787591645025024,0.01098,-0.00988,119.73409423537,-28.58461218126,0.035,0.1375,-2.5,0.115,3.114,0.128,18.439585,0.003159,1.624487,0.026292823450515923,18.977,0.011,1.229,0.019,0.505,0.04,1.498,0.018,0.99,1
Gaia EDR3 5597789176502845568,-0.012786,0.070166,119.70704031717,-28.50456691649,0.1771,0.041,-2.181,0.037,3.167,0.041,16.38446,0.002791,0.885796,0.0060364834962087,16.567,0.009,0.602,0.014,0.355,0.016,0.762,0.012,0.99,1
Gaia EDR3 5597787522925475328,-0.008418,-0.025435,119.71200266935,-28.60016769196,0.2082,0.1181,-2.407,0.099,2.64,0.105,18.20009,0.002971,1.484568,0.02022265511746665,18.655,0.012,1.119,0.019,0.286,0.028,1.373,0.018,1.0,1
Gaia EDR3 5597784297420352384,0.057121,-0.06274,119.78667306556,-28.63745752615,0.162,0.0683,-2.254,0.058,2.64,0.069,17.241005,0.002836,1.235502,0.00889904180235153,17.593,0.008,0.872,0.011,0.351,0.013,1.131,0.012,0.99,1
Gaia EDR3 5597784945945114624,0.053676,-0.023134,119.78272412797,-28.59785375612,0.224,0.0601,-2.234,0.052,2.646,0.059,17.156036,0.002827,1.126862,0.009028089609657182,17.456,0.01,0.84,0.014,0.264,0.014,0.996,0.013,1.0,1
Gaia EDR3 5600792110245828608,-0.071118,0.105567,119.64068930564,-28.46914199746,0.2519,0.1286,-2.24,0.111,2.648,0.131,18.328447,0.003012,1.383026,0.02142072426413262,18.754,0.013,0.966,0.021,0.424,0.033,1.298,0.019,0.99,1
Gaia EDR3 5597786011101920512,-0.030352,-0.037463,119.68701615552,-28.61219192668,0.194,0.0397,-2.286,0.034,3.22,0.035,16.29192,0.002795,0.83272,0.00792345940861692,16.444,0.009,0.651,0.015,0.334,0.015,0.704,0.011,0.99,1
Gaia EDR3 5597785053327293440,0.043253,-0.00289,119.77084404915,-28.57761399328,0.195,0.3217,-2.323,0.237,3.226,0.279,19.42714,0.00375,1.579115,0.057036482868423784,19.967,0.015,1.15,0.028,0.49,0.071,1.479,0.022,1.0,1
Gaia EDR3 5597787389796485760,-0.087533,0.022739,119.62193763466,-28.55195786647,0.2353,0.0523,-2.568,0.045,2.729,0.05,16.914173,0.002803,1.242514,0.007206176864329656,17.252,0.009,0.954,0.015,0.361,0.015,1.116,0.013,0.99,1
Gaia EDR3 5597785190773183744,0.05816,0.018102,119.78780570244,-28.55661556652,0.2953,0.0822,-2.247,0.071,2.655,0.078,17.692673,0.002881,1.376566,0.012298923286206806,18.102,0.012,0.964,0.018,0.405,0.019,1.288,0.017,0.99,1
Gaia EDR3 5597787595946943616,0.020655,-0.014388,119.74511313726,-28.58911940547,0.0895,0.1246,-2.162,0.103,2.687,0.115,18.303402,0.003008,1.407858,0.019975694481043707,18.732,0.01,1.01,0.017,0.375,0.028,1.342,0.017,1.0,1
Gaia EDR3 5597788214430162816,0.044697,0.031566,119.77247128658,-28.54315732449,0.2296,0.05,-2.613,0.04,3.055,0.052,16.775818,0.002812,1.15132,0.008765991216057657,17.064,0.008,0.843,0.013,0.43,0.016,1.023,0.013,0.99,1
Gaia EDR3 5597789554459966208,-0.021012,0.089927,119.697683712,-28.48480409768,0.2314,0.0472,-2.232,0.04,2.619,0.045,16.601692,0.002798,1.066314,0.006407877183592083,16.851,0.008,0.743,0.012,0.382,0.014,0.956,0.013,0.99,1
Gaia EDR3 5597787316767188864,-0.075497,0.008267,119.63562844947,-28.56643891157,0.3001,0.2301,-2.352,0.189,2.607,0.204,19.130997,0.00344,1.794655,0.04371089009617626,19.708,0.018,1.273,0.032,,,1.687,0.022,0.99,1
Gaia EDR3 5597783331037110272,0.058342,-0.092732,119.78808313523,-28.66744887081,0.2979,0.1616,-2.188,0.14,2.602,0.158,18.669527,0.003137,1.409727,0.0276668658145443,19.122,0.011,1.032,0.02,0.383,0.038,1.38,0.02,0.99,1
Gaia EDR3 5597789343991994368,-0.030487,0.062019,119.68689461939,-28.5127103017,0.2818,0.1164,-2.199,0.099,2.577,0.116,18.268919,0.002994,1.418179,0.023116951788676638,18.628,0.013,1.01,0.02,0.464,0.028,1.277,0.021,0.99,1
