EDR3Name,_x,_y,RA_ICRS,DE_ICRS,Plx,e_Plx,pmRA,e_pmRA,pmDE,e_pmDE,Gmag,e_Gmag,BP-RP,e_BP-RP,V,eV,BV,eBV,UB,eUB,VI,eVI,probs_final,membs_select
Gaia EDR3 5602103213455842432,0.021119,-0.029146,119.40829067938,-25.93769802134,0.1645,0.0437,-1.909,0.034,2.221,0.043,16.482845,0.00279,0.628929,0.006029826697343797,16.53,0.02,0.306,0.029,0.245,0.027,1.023,0.026,1.0,1
Gaia EDR3 5602106477630988800,-0.000267,0.005759,119.3845098914,-25.90279498988,0.1652,0.0444,-1.917,0.033,2.216,0.047,16.368761,0.002785,0.713979,0.005798913174035286,16.416,0.017,0.379,0.027,0.286,0.028,1.137,0.026,1.0,1
Gaia EDR3 5602103660132392832,0.052994,-0.010087,119.44372712966,-25.91862894965,0.1348,0.0453,-1.891,0.033,2.243,0.041,16.447985,0.002785,0.695808,0.005812728533141729,16.499,0.02,0.395,0.029,0.352,0.026,1.054,0.027,1.0,1
Gaia EDR3 5602103935010309248,0.027515,0.016561,119.41539165832,-25.89198986286,0.1774,0.1011,-1.896,0.078,2.23,0.101,17.8442,0.002906,0.937603,0.012089260109700677,17.93,0.021,0.596,0.033,0.293,0.038,1.302,0.031,1.0,1
Gaia EDR3 5602103453973991680,0.028238,-0.014911,119.41620350026,-25.92346220525,0.1678,0.0429,-1.912,0.032,2.202,0.04,16.41193,0.00279,0.578979,0.005800000862068902,16.438,0.02,0.306,0.029,0.206,0.025,0.944,0.027,1.0,1
Gaia EDR3 5602103896341417216,0.028511,0.006955,119.41650174952,-25.90159600594,0.1333,0.0253,-1.931,0.019,2.205,0.023,15.353994,0.002771,0.560523,0.005047319288493646,15.404,0.018,0.245,0.026,0.124,0.025,0.982,0.035,1.0,1
Gaia EDR3 5602107061747178624,0.023716,0.037835,119.41116375861,-25.87071698686,0.1527,0.0422,-1.889,0.03,2.266,0.039,16.3295,0.002789,0.573322,0.005928755181317575,16.324,0.018,0.311,0.029,0.217,0.032,0.921,0.029,1.0,1
Gaia EDR3 5602103385254566272,-0.00334,-0.031172,119.3810927186,-25.93972629464,0.1655,0.0201,-1.86,0.015,2.22,0.019,14.74547,0.002765,0.600876,0.004811410811809775,14.778,0.023,0.311,0.031,0.043,0.025,0.994,0.03,1.0,1
Gaia EDR3 5602103179096085760,0.042312,-0.040969,119.43186234438,-25.94951595668,0.1838,0.0787,-1.888,0.059,2.192,0.074,17.551205,0.002884,1.075277,0.009896849448182993,17.689,0.023,0.688,0.038,0.282,0.04,1.382,0.029,1.0,1
Gaia EDR3 5602103453974008448,0.017642,-0.019918,119.40442281769,-25.92847147479,0.12,0.0342,-1.933,0.026,2.196,0.032,15.896403,0.002784,0.642811,0.005359448945554011,15.942,0.019,0.347,0.026,0.286,0.023,1.023,0.032,1.0,1
Gaia EDR3 5602107091797547520,0.035522,0.061826,119.42427680567,-25.84672340508,0.1526,0.1756,-1.942,0.127,2.255,0.167,18.971323,0.003163,1.147337,0.0224848125186758,19.142,0.024,0.72,0.052,0.202,0.072,1.521,0.034,0.99,1
Gaia EDR3 5602103385254559488,0.00022,-0.026341,119.38505144745,-25.93489509303,0.1805,0.1109,-1.941,0.083,2.208,0.106,18.23753,0.002944,1.086,0.017828433301891673,18.437,0.022,0.631,0.036,0.316,0.046,1.521,0.028,1.0,1
Gaia EDR3 5602103453973992320,0.022478,-0.006472,119.4097976408,-25.91502438182,0.1446,0.0309,-1.937,0.024,2.265,0.029,15.765774,0.002778,0.522037,0.005407369230966201,15.802,0.019,0.23,0.027,0.007,0.024,0.93,0.035,1.0,1
Gaia EDR3 5602103522693490304,0.008335,-0.009946,119.39407360029,-25.91849963388,0.1934,0.0272,-1.928,0.021,2.244,0.027,15.43365,0.002776,0.579435,0.0050266506741567,15.443,0.022,0.3,0.029,0.11,0.023,0.965,0.034,1.0,1
Gaia EDR3 5602106477636010752,0.008044,0.00885,119.39374836085,-25.89970357641,0.1047,0.0778,-1.902,0.057,2.187,0.075,17.490036,0.00286,0.806921,0.01127634271384122,17.55,0.02,0.497,0.031,0.359,0.036,1.163,0.033,1.0,1
Gaia EDR3 5602107233545204480,-0.005185,0.051572,119.37904513165,-25.85698214948,0.1587,0.0211,-1.88,0.015,2.171,0.021,14.87266,0.002762,1.558646,0.004899055521220391,15.187,0.018,1.228,0.029,0.988,0.033,1.786,0.041,0.99,1
Gaia EDR3 5602106993027008896,0.033751,0.036179,119.42231757326,-25.87237063184,0.0968,0.0819,-1.881,0.061,2.239,0.075,17.632315,0.002855,0.871445,0.01096435137160425,17.708,0.02,0.534,0.034,0.356,0.038,1.248,0.032,1.0,1
Gaia EDR3 5602103831931109248,0.026063,-0.005063,119.41378313045,-25.91361471492,0.1463,0.0548,-1.938,0.04,2.177,0.049,16.86692,0.002806,0.737915,0.006591083446596621,16.964,0.021,0.374,0.03,0.326,0.028,1.149,0.029,1.0,1
Gaia EDR3 5602103419614270720,0.019668,-0.023615,119.40667666284,-25.93216781551,0.1461,0.0412,-1.961,0.031,2.215,0.039,16.26137,0.002787,0.659496,0.005476963574828666,16.322,0.018,0.331,0.026,0.238,0.025,1.06,0.03,1.0,1
Gaia EDR3 5602103419614273280,0.015729,-0.020939,119.40229581819,-25.92949241697,0.1012,0.0954,-1.933,0.069,2.244,0.087,17.880714,0.002891,0.97961,0.012449938955673638,18.012,0.023,0.592,0.038,0.409,0.039,1.35,0.033,1.0,1
Gaia EDR3 5602107577142637824,-0.038656,0.042788,119.34184670654,-25.86575950522,0.2089,0.0645,-1.9,0.045,2.235,0.061,17.062565,0.002817,0.625263,0.007683476882245433,17.018,0.018,0.41,0.028,0.29,0.037,0.993,0.032,0.99,1
Gaia EDR3 5602103900650587264,0.021642,5.7e-05,119.40886656322,-25.90849540524,0.1219,0.0408,-1.894,0.03,2.279,0.042,16.255491,0.002787,0.644312,0.005779922490829786,16.297,0.018,0.314,0.026,0.237,0.026,0.999,0.028,1.0,1
Gaia EDR3 5602103076016928384,0.008268,-0.058503,119.39400245045,-25.96705749262,0.1179,0.028,-1.944,0.021,2.259,0.028,15.662824,0.00277,0.602858,0.005189172766443607,15.718,0.021,0.286,0.033,0.139,0.031,1.015,0.026,1.0,1
Gaia EDR3 5602101839066400768,-0.040724,-0.056733,119.33950997679,-25.96528039377,0.1829,0.0932,-1.849,0.069,2.202,0.093,17.89068,0.00289,0.984344,0.01468107778741057,17.97,0.023,0.655,0.043,0.422,0.048,1.312,0.026,0.99,1
Gaia EDR3 5602103900650582656,0.024517,0.001032,119.4120624902,-25.90752018114,0.2094,0.0491,-1.91,0.037,2.253,0.044,16.564262,0.002792,0.631718,0.005942948089963432,16.604,0.019,0.33,0.028,0.251,0.027,1.011,0.03,1.0,1
Gaia EDR3 5602103900650584192,0.020943,0.005668,119.4080890841,-25.90288434573,0.0839,0.0268,-1.919,0.019,2.204,0.024,15.43043,0.002768,0.701187,0.005019427855841739,15.494,0.017,0.333,0.026,0.193,0.025,1.043,0.029,1.0,1
Gaia EDR3 5602103488333758336,0.001992,-0.007874,119.38702148948,-25.91642820488,0.2044,0.0754,-1.855,0.059,2.233,0.074,17.529003,0.002842,0.845461,0.010020191814531298,17.625,0.021,0.464,0.031,0.388,0.032,1.23,0.033,1.0,1
Gaia EDR3 5602103419600066304,0.006658,-0.02769,119.39220998609,-25.9362440726,0.1068,0.0764,-1.843,0.057,2.21,0.075,17.460028,0.002834,0.80061,0.013080810716465552,17.525,0.022,0.476,0.035,0.407,0.037,1.176,0.028,1.0,1
Gaia EDR3 5602103453974000128,0.019898,-0.012104,119.40693033531,-25.92065650729,0.196,0.0431,-1.889,0.032,2.166,0.041,16.399057,0.002788,0.622551,0.0057004590166055925,16.459,0.018,0.276,0.027,0.205,0.025,1.031,0.027,1.0,1
Gaia EDR3 5602103453974007680,0.017239,-0.018159,119.4039744395,-25.92671221119,0.1676,0.0172,-1.828,0.013,2.217,0.016,14.439245,0.002762,0.707147,0.004802404814257124,14.504,0.023,0.36,0.029,0.209,0.02,1.088,0.035,1.0,1
Gaia EDR3 5602103419614276352,0.014888,-0.023081,119.40136182614,-25.93163462373,0.1886,0.0418,-1.915,0.032,2.288,0.04,16.340332,0.002787,0.724841,0.0057392979535828255,16.415,0.019,0.383,0.027,0.259,0.027,1.102,0.026,1.0,1
Gaia EDR3 5602103831916745984,0.032977,-0.002094,119.42146930711,-25.91064367834,0.2282,0.4296,-1.886,0.33,2.23,0.383,20.06294,0.00459,0.983992,0.09772147164262314,20.131,0.038,0.913,0.061,0.198,0.156,1.523,0.052,1.0,1
Gaia EDR3 5602103484024433920,0.007737,-0.015446,119.39340967991,-25.92400025781,0.0984,0.0613,-1.856,0.047,2.179,0.061,17.03902,0.002805,0.757616,0.00705057345185482,17.131,0.022,0.388,0.032,0.39,0.03,1.172,0.03,1.0,1
Gaia EDR3 5602103247815557248,0.035645,-0.021456,119.42444115262,-25.93000473883,0.1598,0.049,-1.835,0.036,2.269,0.045,16.680103,0.002795,0.604725,0.00681977199032343,16.699,0.02,0.305,0.029,0.306,0.026,0.981,0.025,1.0,1
Gaia EDR3 5602103106066990080,0.022036,-0.045676,119.40931412917,-25.95422823954,0.1785,0.0528,-1.889,0.04,2.147,0.053,16.869062,0.002803,0.676075,0.006898339002977457,16.912,0.022,0.376,0.034,0.321,0.033,1.051,0.027,1.0,1
Gaia EDR3 5602103484024337408,0.008911,-0.018479,119.39471509815,-25.92703285679,0.1743,0.0977,-1.923,0.075,2.303,0.096,17.99589,0.002904,0.997148,0.012042471673207291,18.117,0.021,0.6,0.037,0.318,0.041,1.34,0.03,1.0,1
Gaia EDR3 5602102217028456448,0.047139,-0.082222,119.43724948746,-25.99076654741,0.2119,0.0553,-1.853,0.041,2.191,0.058,17.01015,0.002817,0.754835,0.007880681442616494,17.031,0.02,0.416,0.037,0.433,0.04,1.091,0.027,0.99,1
Gaia EDR3 5602106340192073216,-0.018457,-0.01278,119.3642852492,-25.92133286436,0.1268,0.0438,-1.83,0.031,2.179,0.045,16.279678,0.002792,0.604053,0.005933479923282795,16.283,0.016,0.327,0.027,0.2,0.028,0.989,0.025,1.0,1
Gaia EDR3 5602103453973990784,0.028981,-0.015757,119.41703003566,-25.92430817641,0.1214,0.0675,-1.83,0.046,2.268,0.057,17.129774,0.002819,0.703154,0.007396156096243507,17.174,0.021,0.399,0.031,0.355,0.03,1.081,0.03,1.0,1
Gaia EDR3 5602103453973998208,0.019565,-0.008897,119.40655975257,-25.91744977957,0.1809,0.0321,-1.947,0.024,2.152,0.031,15.812296,0.002781,0.537147,0.005178865609378177,15.842,0.018,0.238,0.024,0.072,0.021,0.951,0.032,1.0,1
Gaia EDR3 5602103900650589824,0.018145,0.002565,119.40497872193,-25.9059874267,0.2027,0.1051,-1.899,0.079,2.301,0.099,18.06133,0.002936,1.05253,0.01294271478477371,18.242,0.022,0.589,0.036,0.368,0.046,1.44,0.034,1.0,1
Gaia EDR3 5602103453974004352,0.021244,-0.019671,119.40842834517,-25.92822381343,0.1109,0.0734,-1.987,0.053,2.203,0.068,17.42287,0.002832,0.824442,0.007975003260187422,17.51,0.022,0.473,0.031,0.412,0.03,1.2,0.029,1.0,1
Gaia EDR3 5602106340192067712,-0.01257,-0.016896,119.37082966011,-25.9254494163,0.1124,0.0608,-1.97,0.046,2.167,0.061,17.078321,0.002816,0.727139,0.007817784468760955,17.126,0.018,0.403,0.03,0.349,0.032,1.131,0.028,1.0,1
Gaia EDR3 5602106855575922688,0.014098,0.01041,119.40047890648,-25.89814395445,0.1516,0.2921,-1.826,0.196,2.159,0.261,19.533075,0.00368,1.52635,0.059487949922652404,19.666,0.037,0.962,0.057,0.688,0.153,1.807,0.043,1.0,1
Gaia EDR3 5602103415304804864,0.017143,-0.02443,119.40386921233,-25.93298257653,0.1614,0.1368,-1.932,0.105,2.318,0.129,18.549124,0.003023,1.255157,0.020874799400233766,18.772,0.026,0.835,0.05,0.292,0.057,1.575,0.033,1.0,1
Gaia EDR3 5602103488333753984,0.008347,-0.013144,119.394087486,-25.92169816333,0.1169,0.0271,-1.896,0.021,2.127,0.027,15.540206,0.002774,0.517373,0.005013880433356982,15.599,0.017,0.182,0.026,0.029,0.024,0.973,0.03,1.0,1
Gaia EDR3 5602103488333772160,-0.001795,-0.019945,119.38281050472,-25.92849932578,0.1431,0.0432,-1.8,0.032,2.233,0.041,16.43387,0.002785,0.861848,0.006062615689617807,16.547,0.017,0.514,0.026,0.304,0.026,1.219,0.025,1.0,1
Gaia EDR3 5602103625772671104,0.041004,-0.019361,119.43039985799,-25.92790804248,0.2084,0.0123,-1.893,0.009,2.309,0.011,12.842712,0.002758,1.601321,0.004736218956087229,13.259,0.02,1.24,0.027,1.084,0.022,1.866,0.051,1.0,1
Gaia EDR3 5602103076016928768,0.002773,-0.04941,119.38789070891,-25.95796470042,0.0803,0.1078,-1.836,0.078,2.271,0.103,18.031607,0.002919,0.99235,0.013427494814744857,18.144,0.025,0.624,0.044,0.272,0.045,1.333,0.03,1.0,1
Gaia EDR3 5602103522693484800,0.011918,-0.009474,119.39805681969,-25.9180277087,0.2338,0.0419,-1.931,0.032,2.284,0.041,16.381363,0.002796,0.631412,0.005822057711840377,16.422,0.018,0.27,0.027,0.315,0.025,1.017,0.028,1.0,1
Gaia EDR3 5602103037345086336,0.019233,-0.05563,119.40619865827,-25.96418321549,0.1905,0.4876,-1.921,0.341,2.325,0.44,20.299438,0.004963,1.504564,0.08830496979219234,20.661,0.053,0.941,0.09,,,1.849,0.058,1.0,1
Gaia EDR3 5602103866290830976,0.034835,0.006954,119.42353152086,-25.90159478407,0.0837,0.0744,-1.92,0.053,2.134,0.066,17.452805,0.002839,0.946518,0.009699413796719882,17.567,0.021,0.601,0.033,0.379,0.038,1.308,0.03,1.0,1
Gaia EDR3 5602106919998519296,0.006962,0.021844,119.39254531529,-25.88670990315,0.1035,0.1207,-1.988,0.093,2.167,0.114,18.297428,0.002956,1.114018,0.024395899184084198,18.494,0.022,0.702,0.038,0.191,0.046,1.56,0.038,1.0,1
Gaia EDR3 5602107297956040960,0.02342,0.071474,119.41082802499,-25.83707826186,0.1979,0.1185,-1.961,0.077,2.14,0.104,18.16825,0.002929,1.144783,0.012857705744027587,18.312,0.018,0.688,0.037,0.257,0.05,1.462,0.028,0.99,1
Gaia EDR3 5602103415304732672,0.015124,-0.03265,119.40162513652,-25.94120318133,0.2492,0.0689,-1.931,0.053,2.268,0.066,17.40621,0.002835,0.808144,0.009126873834999582,17.485,0.024,0.492,0.037,0.351,0.037,1.179,0.029,1.0,1
Gaia EDR3 5602103419614269824,0.018692,-0.021146,119.40559090772,-25.92969924862,0.1668,0.0289,-1.79,0.022,2.235,0.028,15.527302,0.002771,0.593901,0.006978013255934672,15.607,0.019,0.255,0.027,0.009,0.023,0.992,0.026,1.0,1
Gaia EDR3 5602106924312609280,0.00426,0.018177,119.38954190836,-25.89037676264,0.0714,0.0863,-1.817,0.069,2.226,0.08,17.510489,0.002883,0.78483,0.012379907107890593,17.598,0.024,0.415,0.038,0.405,0.042,1.251,0.036,1.0,1
Gaia EDR3 5602103419614291072,0.005804,-0.027637,119.39126040483,-25.93619104441,0.1631,0.046,-1.934,0.034,2.113,0.044,16.516172,0.002789,0.66507,0.005785551745512264,16.574,0.02,0.344,0.031,0.25,0.03,1.053,0.026,1.0,1
Gaia EDR3 5602106889947809280,0.020593,0.027118,119.40769491536,-25.88143440347,0.0438,0.0899,-1.903,0.065,2.17,0.084,17.709507,0.002857,0.903843,0.011453527185980744,17.772,0.021,0.512,0.034,0.397,0.038,1.249,0.033,1.0,1
Gaia EDR3 5602104897083096704,-0.040104,-0.029411,119.34021019398,-25.93795850702,0.2305,0.11,-1.852,0.079,2.153,0.109,18.16038,0.00293,1.03367,0.018769969339346295,18.281,0.026,0.669,0.041,0.332,0.041,1.407,0.031,0.99,1
Gaia EDR3 5602103484027227264,0.000457,-0.012059,119.38531460815,-25.9206133613,0.2448,0.1089,-1.854,0.084,2.277,0.106,18.236813,0.002918,1.081303,0.01813233832135282,18.409,0.019,0.663,0.035,0.277,0.047,1.463,0.032,1.0,1
Gaia EDR3 5602101942145525632,0.058917,-0.096379,119.45036033858,-26.00491846391,0.1923,0.0368,-1.788,0.029,2.244,0.037,16.315674,0.002784,0.674489,0.005840916452064693,16.312,0.019,0.386,0.035,0.204,0.037,1.02,0.027,0.99,1
Gaia EDR3 5602103488333764864,-0.000427,-0.012907,119.38433212104,-25.92146175169,0.264,0.0526,-1.91,0.039,2.174,0.051,16.862167,0.002801,0.674145,0.007228719457829305,16.892,0.018,0.365,0.027,0.316,0.027,1.074,0.027,1.0,1
Gaia EDR3 5602103690182881920,0.072985,-0.003378,119.46594927619,-25.91191009843,0.0433,0.1165,-1.835,0.087,2.203,0.112,18.312794,0.002949,1.082886,0.02137235396487715,18.461,0.026,0.627,0.043,0.311,0.051,1.405,0.032,0.99,1
Gaia EDR3 5602106855588081920,0.012815,0.020213,119.3990511134,-25.88834025323,0.1661,0.115,-1.829,0.084,2.121,0.118,18.178381,0.002939,1.070625,0.01871501947634573,18.307,0.021,0.631,0.038,0.273,0.049,1.421,0.036,1.0,1
Gaia EDR3 5602103247815568256,0.027125,-0.021848,119.41496815667,-25.93039874709,0.1417,0.0665,-1.78,0.046,2.188,0.06,17.110914,0.002823,0.715652,0.007257126497450627,17.166,0.02,0.4,0.028,0.356,0.027,1.103,0.027,1.0,1
Gaia EDR3 5602103453973995776,0.023859,-0.014606,119.41133455029,-25.92315747598,0.2382,0.0826,-1.965,0.06,2.158,0.078,17.60717,0.002852,0.856232,0.00995435286696227,17.708,0.021,0.512,0.032,0.43,0.032,1.236,0.029,1.0,1
Gaia EDR3 5602101869116370176,-0.027432,-0.049506,119.35429653008,-25.95805743891,0.0413,0.1525,-1.904,0.114,2.293,0.159,18.776773,0.003089,1.189966,0.022596756802691843,18.922,0.029,0.841,0.049,0.32,0.065,1.515,0.032,0.99,1
Gaia EDR3 5602106718149182592,-0.024065,0.011477,119.35805474497,-25.89707512596,0.1614,0.0413,-1.927,0.03,2.093,0.041,16.320168,0.002782,0.580644,0.006168455641406527,16.295,0.016,0.325,0.03,0.22,0.033,0.921,0.031,1.0,1
Gaia EDR3 5602103449664620288,0.018848,-0.015424,119.40576370167,-25.92397712077,0.087,0.1535,-1.931,0.118,2.104,0.143,18.697273,0.00308,1.177027,0.0200526977985507,18.915,0.026,0.742,0.043,0.28,0.056,1.577,0.034,1.0,1
Gaia EDR3 5602103900650580224,0.021216,0.009847,119.40839101893,-25.89870587206,0.1893,0.05,-1.928,0.037,2.092,0.045,16.671688,0.002794,0.742979,0.006499903383897333,16.721,0.018,0.414,0.03,0.352,0.031,1.076,0.029,1.0,1
Gaia EDR3 5602103247815565184,0.032278,-0.028718,119.42070033284,-25.93726827352,0.155,0.0895,-1.87,0.066,2.087,0.082,17.817911,0.002879,1.313286,0.01519108768324375,18.084,0.024,0.837,0.039,0.289,0.043,1.639,0.029,1.0,1
Gaia EDR3 5602107267904926080,0.013829,0.048671,119.4001740542,-25.85988295436,0.1403,0.0878,-1.77,0.06,2.271,0.082,17.567623,0.002845,0.779119,0.009478891971111392,17.592,0.017,0.477,0.034,0.366,0.045,1.142,0.033,1.0,1
Gaia EDR3 5602103522693487616,0.012361,-0.014076,119.39855049724,-25.92263009197,0.1555,0.0681,-2.011,0.052,2.133,0.065,17.318262,0.002835,0.73958,0.007847590840506404,17.385,0.021,0.402,0.03,0.311,0.029,1.169,0.028,1.0,1
Gaia EDR3 5602103831931097344,0.036545,-0.003093,119.42543590287,-25.91164158992,0.1432,0.0656,-1.859,0.05,2.087,0.059,17.230291,0.002826,0.706823,0.008749824283949936,17.309,0.022,0.342,0.032,0.379,0.03,1.116,0.03,1.0,1
Gaia EDR3 5602103999417822464,0.056823,0.022986,119.44796677184,-25.88555435705,0.2703,0.1331,-1.842,0.103,2.173,0.123,18.501635,0.003025,1.09124,0.01818674599811632,18.637,0.024,0.698,0.048,0.242,0.058,1.455,0.032,0.99,1
Gaia EDR3 5602106408912162816,-0.025366,-0.013677,119.35660297814,-25.92222851512,0.0298,0.2194,-1.979,0.156,2.256,0.215,19.185352,0.003328,1.342388,0.034155666147800426,19.356,0.027,0.836,0.051,,,1.61,0.035,1.0,1
Gaia EDR3 5602103969370025472,0.057844,0.01117,119.44910738965,-25.89736964335,0.2952,0.1108,-1.884,0.08,2.219,0.103,18.188082,0.002936,1.274012,0.01816064594115529,18.463,0.024,0.746,0.046,0.391,0.053,1.626,0.032,0.99,1
Gaia EDR3 5602103934995927296,0.032668,0.015741,119.42112021581,-25.89280852712,0.0738,0.1443,-1.812,0.117,2.13,0.131,18.387966,0.003039,1.228531,0.0677270779895309,18.38,0.025,0.954,0.037,0.586,0.055,1.56,0.029,1.0,1
Gaia EDR3 5602103419614271744,0.016316,-0.01948,119.40294887518,-25.92803273207,0.1061,0.0957,-2.053,0.073,2.22,0.091,17.876614,0.002892,1.013422,0.01290032437576668,18.017,0.022,0.621,0.034,0.401,0.038,1.403,0.031,1.0,1
Gaia EDR3 5602103419619298304,0.020921,-0.023564,119.40807040413,-25.93211637427,0.141,0.0888,-1.837,0.064,2.371,0.08,17.679548,0.002869,0.931843,0.010319847721744735,17.79,0.023,0.586,0.034,0.357,0.036,1.297,0.029,1.0,1
Gaia EDR3 5602106718149184128,-0.026036,0.012511,119.35586472049,-25.89604041909,0.2823,0.0963,-1.852,0.071,2.303,0.096,18.015287,0.002902,1.121338,0.013799984710136458,18.157,0.019,0.642,0.036,0.305,0.044,1.5,0.03,0.99,1
Gaia EDR3 5602103488333757696,0.004428,-0.01139,119.3897302552,-25.91994432019,0.1695,0.042,-1.753,0.032,2.289,0.043,16.407217,0.003321,0.665462,0.01059429554052557,16.411,0.018,0.42,0.027,0.277,0.026,1.046,0.028,1.0,1
Gaia EDR3 5602103453959673472,0.030321,-0.017115,119.4185202033,-25.92566562238,0.1516,0.1034,-1.902,0.075,2.057,0.097,18.04191,0.002929,0.991808,0.019356243049724293,18.187,0.023,0.636,0.035,0.194,0.041,1.349,0.03,1.0,1
Gaia EDR3 5602106993027015296,0.026241,0.033615,119.41397128426,-25.87493674831,0.058,0.0906,-1.91,0.065,2.363,0.085,17.764763,0.00287,1.165358,0.011225316610234208,17.964,0.022,0.776,0.039,0.23,0.044,1.55,0.034,1.0,1
Gaia EDR3 5602102247073248640,0.01769,-0.076287,119.4044861162,-25.98484042417,0.2081,0.1121,-1.969,0.085,2.367,0.109,18.277687,0.002944,1.035084,0.016748058424784648,18.399,0.026,0.661,0.046,0.272,0.053,1.373,0.03,0.99,1
Gaia EDR3 5602104794003895040,-0.045663,-0.042052,119.33402351867,-25.95059765147,0.1468,0.0354,-1.776,0.026,2.109,0.037,15.980972,0.002779,0.687881,0.005663946680539992,16.006,0.019,0.4,0.032,0.196,0.031,1.068,0.027,0.99,1
Gaia EDR3 5602103827621815680,0.038785,-0.006334,119.42792742041,-25.91488163545,0.2779,0.126,-1.842,0.095,2.129,0.119,18.433937,0.00298,1.100611,0.019869581500373882,18.638,0.024,0.621,0.041,0.285,0.049,1.49,0.031,1.0,1
Gaia EDR3 5602103312225481344,-0.004179,-0.036754,119.38015869353,-25.94530800452,0.0212,0.5952,-2.003,0.411,2.285,0.603,20.476257,0.005817,1.348339,0.10526768568748912,20.645,0.054,1.133,0.112,,,1.758,0.065,1.0,1
Gaia EDR3 5602103625758347264,0.033464,-0.01494,119.4220149309,-25.92348933149,0.2659,0.3411,-2.033,0.234,2.207,0.25,19.526384,0.003843,,,19.846,0.047,-0.465,0.059,,,1.715,0.054,1.0,1
Gaia EDR3 5602102388810379520,0.040478,-0.055303,119.42982878511,-25.96385051237,0.2862,1.3703,-1.802,0.765,2.281,1.65,20.80767,0.009117,1.150486,0.134529807184133,21.038,0.07,1.078,0.127,,,1.701,0.078,0.99,1
Gaia EDR3 5602103453974000512,0.02041,-0.013704,119.40749951611,-25.9222566997,0.2095,0.0836,-1.892,0.058,2.055,0.076,17.577711,0.002848,0.85154,0.01117756435901847,17.671,0.021,0.506,0.031,0.381,0.031,1.233,0.029,1.0,1
Gaia EDR3 5602106511976514048,-0.010684,0.004326,119.37292901896,-25.90422818216,0.0842,0.1572,-1.973,0.115,2.375,0.15,18.591629,0.003062,,,18.901,0.032,0.964,0.073,,,1.863,0.057,1.0,1
Gaia EDR3 5602101456799220736,-0.025244,-0.082705,119.3567220764,-25.99125685835,0.1428,0.1263,-1.947,0.096,2.401,0.131,18.526173,0.002999,1.115417,0.02168886389371283,18.604,0.029,0.814,0.051,0.327,0.058,1.416,0.032,0.99,1
Gaia EDR3 5698184105752707200,0.037568,0.080115,119.4265440581,-25.82843343993,0.1316,0.6463,-2.059,0.402,2.318,0.555,20.468971,0.00542,1.579884,0.16096276179601293,20.976,0.057,1.337,0.15,,,2.175,0.064,0.99,1
Gaia EDR3 5602103831931094016,0.039236,-0.002874,119.42842795381,-25.91142171339,0.1117,0.0434,-1.928,0.033,2.043,0.04,16.433434,0.002785,0.762847,0.005789073846480109,16.525,0.019,0.428,0.027,0.379,0.025,1.13,0.027,1.0,1
Gaia EDR3 5602106305818219904,-0.02659,-0.026869,119.35523921884,-25.93542033235,0.059,0.1287,-1.889,0.093,2.391,0.123,18.239494,0.003104,1.291412,0.03302463687915433,18.36,0.022,0.68,0.041,0.263,0.044,1.413,0.029,1.0,1
Gaia EDR3 5602103552743743104,0.046417,-0.026542,119.43642182474,-25.9350870539,0.1464,0.1692,-1.735,0.123,2.318,0.168,18.806433,0.003111,1.157545,0.033510577270467905,18.991,0.025,0.795,0.044,0.291,0.057,1.513,0.033,1.0,1
Gaia EDR3 5602103484024415104,1.1e-05,-0.008906,119.38481903932,-25.91746033203,0.119,0.1996,-2.042,0.151,2.091,0.2,18.929825,0.0033,1.281202,0.02415047628929914,19.086,0.019,0.795,0.037,0.324,0.06,1.721,0.028,1.0,1
Gaia EDR3 5602102217011332096,0.048354,-0.081852,119.43860085518,-25.99039664111,-0.0289,0.2446,-1.979,0.17,2.187,0.249,19.33959,0.003451,1.350479,0.03804819399130529,19.508,0.029,0.897,0.064,0.153,0.098,1.589,0.034,0.99,1
Gaia EDR3 5602106438961944064,-0.011216,-0.005923,119.37233638527,-25.91447697618,0.3075,0.1871,-1.893,0.142,2.101,0.193,19.007298,0.003219,1.23798,0.027102553108517287,19.221,0.026,0.768,0.048,0.313,0.073,1.647,0.038,1.0,1
Gaia EDR3 5602106301522870656,-0.023478,-0.020599,119.35870091555,-25.92915092076,0.2769,0.1575,-1.761,0.116,2.299,0.157,18.739359,0.003112,1.289085,0.029925591055148772,18.969,0.024,0.816,0.05,0.366,0.065,1.667,0.031,0.99,1
Gaia EDR3 5602101594238305152,-0.015308,-0.066969,119.36777854424,-25.97552239266,0.0745,0.199,-1.86,0.142,2.413,0.193,19.090326,0.003268,1.253956,0.03367608151195742,19.211,0.028,0.871,0.058,0.259,0.077,1.514,0.031,0.99,1
Gaia EDR3 5602103449664637056,0.026716,-0.013058,119.41451139481,-25.92160969035,0.2232,0.1573,-2.051,0.119,2.35,0.145,18.811378,0.003092,1.322348,0.024890309479795546,19.1,0.027,0.858,0.044,0.607,0.091,1.691,0.034,1.0,1
Gaia EDR3 5602103484024379264,0.004628,-0.013757,119.38995202881,-25.92231103974,0.1809,0.159,-1.72,0.12,2.123,0.15,18.800106,0.003144,1.192429,0.022673179772585934,19.04,0.028,0.662,0.048,0.299,0.059,1.601,0.036,1.0,1
Gaia EDR3 5602103690182854016,0.065512,-0.00697,119.45764332786,-25.91550614111,0.0953,0.1293,-1.959,0.102,2.419,0.125,18.4723,0.00304,1.075174,0.022651723047044346,18.624,0.026,0.62,0.045,0.303,0.051,1.438,0.031,0.99,1
Gaia EDR3 5602106546351107584,-0.002652,0.019414,119.38185917701,-25.88914054607,0.2129,0.0425,-1.79,0.029,2.055,0.041,16.261084,0.002783,0.715682,0.005690490049196115,16.272,0.018,0.442,0.028,0.338,0.032,1.021,0.031,1.0,1
Gaia EDR3 5602103213441602304,0.019695,-0.036628,119.40670899793,-25.94518114578,-0.0679,0.1523,-1.882,0.113,2.232,0.139,18.695303,0.003075,1.149202,0.03029096078040444,18.906,0.03,0.707,0.047,0.3,0.062,1.596,0.038,0.99,1
Gaia EDR3 5602103419600012416,0.019014,-0.026503,119.40595008912,-25.93505586071,0.1221,0.1737,-1.807,0.133,2.42,0.166,18.920382,0.00318,1.212852,0.049851305148411115,19.093,0.028,0.734,0.044,0.314,0.06,1.61,0.034,1.0,1
Gaia EDR3 5602106443271900544,-0.006379,-0.010409,119.37771385795,-25.91896325474,0.3069,0.2347,-1.889,0.171,2.07,0.224,19.32139,0.003448,1.348608,0.03828855647579313,19.569,0.029,0.916,0.056,0.309,0.108,1.712,0.038,1.0,1
Gaia EDR3 5602101804706624128,-0.010457,-0.052736,119.3731762043,-25.96128984823,0.1389,0.0721,-2.029,0.051,2.404,0.067,17.399408,0.002826,1.132154,0.010742691376000708,17.585,0.025,0.73,0.04,0.217,0.04,1.489,0.028,1.0,1
Gaia EDR3 5602100769604419456,0.014405,-0.085939,119.40083283757,-25.99449237078,0.1347,0.2099,-1.819,0.147,2.428,0.196,19.16624,0.003259,1.279943,0.037298338971058755,19.329,0.03,0.895,0.06,0.365,0.092,1.579,0.035,0.99,1
Gaia EDR3 5602103484024353792,0.010077,-0.016332,119.39601090731,-25.92488630145,0.3301,0.1037,-1.854,0.081,2.346,0.103,18.140219,0.002915,1.135012,0.01351195766719242,18.365,0.023,0.67,0.039,0.234,0.043,1.535,0.031,0.99,1
Gaia EDR3 5602107194876676096,-0.01096,0.051228,119.37262695437,-25.85732603642,0.2672,0.1967,-1.746,0.136,2.336,0.181,19.009932,0.00322,1.118351,0.030332892460166076,19.124,0.02,0.704,0.045,0.126,0.07,1.472,0.035,0.99,1
Gaia EDR3 5602103969370033280,0.045069,0.015162,119.43490534031,-25.89338382357,0.0888,0.055,-1.7,0.04,2.306,0.055,16.954126,0.002798,0.857594,0.007288342747154527,17.042,0.019,0.468,0.033,0.386,0.033,1.238,0.027,1.0,1
Gaia EDR3 5602101559878544256,-0.014869,-0.070111,119.36826662184,-25.97866477611,0.3006,0.1513,-2.061,0.114,2.298,0.155,18.733122,0.003093,1.408791,0.025892772138185593,18.948,0.027,1.033,0.053,0.443,0.092,1.677,0.029,0.99,1
Gaia EDR3 5602106786854512640,-0.044592,0.027418,119.33524332551,-25.88112804931,0.129,0.1467,-1.68,0.105,2.291,0.152,18.571482,0.003024,1.361317,0.020362219451719895,18.805,0.023,1.003,0.047,0.503,0.071,1.721,0.036,0.99,1
Gaia EDR3 5602106786873843456,-0.037895,0.018895,119.34268426737,-25.88965312991,0.1796,0.2659,-2.04,0.188,2.413,0.264,19.420185,0.003501,1.425497,0.04027623389792049,19.637,0.028,0.986,0.06,,,1.738,0.041,0.99,1
Gaia EDR3 5602103449664588672,0.023364,-0.019207,119.41078575955,-25.92775901453,-0.0152,0.1646,-2.008,0.122,2.358,0.156,18.849184,0.003085,1.184692,0.02214834542352995,19.049,0.026,0.709,0.043,0.181,0.065,1.562,0.033,1.0,1
Gaia EDR3 5602103037347424640,0.024527,-0.054082,119.41208672732,-25.96263347653,0.3131,0.1284,-1.929,0.094,2.054,0.122,18.463182,0.003004,1.196968,0.018223436174333314,18.647,0.025,0.778,0.046,0.206,0.06,1.495,0.03,0.99,1
Gaia EDR3 5602103935010306560,0.035164,0.009098,119.42389626369,-25.89945140274,-0.0642,0.0389,-1.917,0.029,2.335,0.038,16.03663,0.002781,0.576778,0.005569838956379259,16.078,0.019,0.278,0.027,0.178,0.025,0.949,0.029,1.0,1
Gaia EDR3 5602103385254567168,-0.005868,-0.027533,119.37828103482,-25.93608700628,0.0307,0.1608,-1.69,0.122,2.226,0.154,18.809994,0.003141,1.262453,0.02954982521098898,18.988,0.023,0.794,0.043,0.348,0.066,1.584,0.03,1.0,1
Gaia EDR3 5602102281433091328,0.03895,-0.06362,119.42813191666,-25.97216826122,0.2961,0.2211,-1.762,0.152,2.086,0.199,19.151394,0.003435,1.20249,0.030944383981588646,19.336,0.031,0.787,0.06,0.292,0.084,1.564,0.036,0.99,1
Gaia EDR3 5602103449664630400,0.029657,-0.013996,119.41778086903,-25.92254694913,0.3266,0.1265,-2.043,0.092,2.129,0.117,18.4061,0.002983,1.089394,0.0171316816454194,18.583,0.025,0.676,0.043,0.226,0.048,1.475,0.033,1.0,1
Gaia EDR3 5602106335882673792,-0.015412,-0.012446,119.36767016873,-25.92099881952,0.3392,0.1318,-1.876,0.099,2.377,0.132,18.47819,0.003008,1.161743,0.020269969758240886,18.655,0.022,0.683,0.04,0.235,0.049,1.506,0.033,0.99,1
Gaia EDR3 5602103484024339968,0.00033,-0.01828,119.38517325839,-25.92683408706,0.3683,0.1728,-1.988,0.13,2.303,0.163,18.947117,0.003146,1.19953,0.02696756548151872,19.154,0.025,0.775,0.041,0.402,0.07,1.567,0.036,0.99,1
Gaia EDR3 5602107091797470208,0.035982,0.053555,119.42479055469,-25.85499341281,0.0243,0.1882,-1.69,0.137,2.266,0.168,18.996624,0.003214,1.218477,0.02652387922231588,19.188,0.025,0.753,0.051,0.35,0.073,1.628,0.036,0.99,1
Gaia EDR3 5602103106066948864,0.012564,-0.049014,119.39877981984,-25.95756790411,0.0317,0.0934,-1.793,0.067,2.415,0.088,17.82549,0.002877,0.947212,0.010682140328604563,17.934,0.025,0.569,0.041,0.28,0.042,1.274,0.031,1.0,1
Gaia EDR3 5602101839066394752,-0.034131,-0.061317,119.34684225852,-25.96986592799,0.0871,0.0269,-1.774,0.021,2.017,0.027,15.440669,0.002767,1.727463,0.005348104430543592,15.882,0.021,1.409,0.033,1.286,0.037,2.003,0.026,0.99,1
Gaia EDR3 5602107194876644096,-0.007805,0.046904,119.37613267586,-25.86165022736,0.2698,0.1065,-1.88,0.071,2.004,0.097,17.944921,0.002891,1.031372,0.018562749284521406,18.02,0.014,0.635,0.034,0.141,0.05,1.357,0.032,0.99,1
Gaia EDR3 5602103419600000640,0.018253,-0.02071,119.40510250351,-25.92926248878,0.1983,0.1042,-1.789,0.079,2.444,0.102,17.713058,0.002919,0.839094,0.04407712388529905,17.767,0.025,0.679,0.04,0.379,0.056,1.259,0.041,1.0,1
Gaia EDR3 5602101800396824576,-0.01599,-0.057083,119.36702111087,-25.96563584824,0.2651,0.2184,-1.683,0.155,2.275,0.209,19.215302,0.003372,1.338709,0.039009388011092924,19.424,0.031,0.912,0.058,0.301,0.104,1.627,0.033,0.99,1
Gaia EDR3 5602106301522791424,-0.028692,-0.029742,119.35290046522,-25.9382931743,0.1685,0.0723,-1.648,0.052,2.224,0.071,17.181898,0.002822,0.743034,0.007168705880422213,17.215,0.019,0.437,0.033,0.34,0.036,1.116,0.025,0.99,1
Gaia EDR3 5602106305820145920,-0.029642,-0.02978,119.35184397941,-25.93833084203,0.2612,0.2344,-2.127,0.166,2.176,0.226,19.25848,0.00342,1.328854,0.04878090308717132,19.473,0.031,0.971,0.058,0.236,0.097,1.669,0.038,0.99,1
Gaia EDR3 5602103896341363840,0.024458,-0.000633,119.41199768055,-25.90918490168,0.0777,0.1388,-1.976,0.106,2.462,0.13,18.570488,0.003049,1.190557,0.02146873973944442,18.795,0.023,0.754,0.039,0.335,0.059,1.563,0.034,1.0,1
Gaia EDR3 5602106438961870848,-0.006763,-0.014549,119.37728656282,-25.92310345914,-0.0267,0.1411,-1.717,0.11,2.159,0.139,18.614267,0.003092,1.109102,0.022037820967600222,18.83,0.022,0.661,0.042,0.252,0.056,1.548,0.031,0.99,1
Gaia EDR3 5602103591412915072,0.057421,-0.015181,119.44865223771,-25.92372138243,-0.1003,0.0813,-1.896,0.065,2.136,0.078,17.711378,0.00286,0.904408,0.01168076196144755,17.83,0.023,0.548,0.037,0.349,0.037,1.284,0.029,0.99,1
Gaia EDR3 5602103591412912512,0.063922,-0.018558,119.45588195369,-25.92709469829,0.2353,0.1297,-1.654,0.098,2.259,0.123,18.397188,0.003003,1.234892,0.021247293145245587,18.577,0.023,0.774,0.045,0.33,0.053,1.536,0.029,0.99,1
Gaia EDR3 5602106683777510400,-0.041978,0.01813,119.33814497901,-25.89041638027,-0.0464,1.0116,-1.964,0.666,2.407,0.974,20.666481,0.007241,1.400042,0.11072734822526907,21.087,0.066,1.124,0.116,,,1.988,0.078,0.99,1
Gaia EDR3 5602103930701228928,0.040223,0.016377,119.42951796361,-25.89217047251,-0.1228,0.1554,-1.854,0.109,2.203,0.143,18.662828,0.00305,1.253288,0.02575806219419466,18.952,0.024,0.707,0.045,0.419,0.066,1.656,0.034,0.99,1
Gaia EDR3 5602103694492116992,0.073653,-0.01135,119.46669698004,-25.91988083562,0.2425,0.0739,-2.159,0.058,2.269,0.069,17.56167,0.002836,1.210844,0.009071060026259336,17.783,0.023,0.824,0.044,0.43,0.046,1.547,0.028,0.99,1
Gaia EDR3 5602103690182830208,0.078368,-0.008994,119.47193781886,-25.91752250232,0.086,0.1581,-2.012,0.117,2.474,0.149,18.833141,0.003108,1.13011,0.02753297724547783,19.073,0.03,0.676,0.051,0.28,0.071,1.61,0.034,0.99,1
Gaia EDR3 5602103621463335936,0.038744,-0.012492,119.42788434358,-25.92104028327,0.1634,0.1672,-1.834,0.118,2.496,0.152,18.776592,0.003163,1.096327,0.03107136160518235,18.954,0.023,0.677,0.041,0.27,0.055,1.498,0.029,1.0,1
Gaia EDR3 5602103969370030976,0.049961,0.011564,119.44034496366,-25.89697983853,0.2268,0.0747,-2.152,0.054,2.119,0.071,17.272453,0.002862,0.960638,0.008593793690798029,17.399,0.02,0.521,0.032,0.39,0.033,1.337,0.026,0.99,1
Gaia EDR3 5602106473321798784,-0.00185,0.00776,119.38274987447,-25.90079443072,0.2585,0.307,-1.9,0.215,2.484,0.292,19.598885,0.003784,1.583885,0.05048110317732766,20.027,0.028,1.029,0.06,,,1.99,0.041,0.99,1
Gaia EDR3 5602103071707144064,0.013136,-0.05632,119.39941756823,-25.96487334248,0.2522,0.2679,-2.106,0.186,2.053,0.243,19.50068,0.003628,1.367352,0.047833867604449465,19.743,0.037,0.933,0.066,0.493,0.342,1.67,0.042,0.99,1
Gaia EDR3 5602103935015559808,0.036493,0.014401,119.42537232389,-25.89414805,0.3166,0.2505,-1.687,0.173,2.125,0.206,19.23126,0.00346,1.229473,0.04174897050227706,19.315,0.025,0.91,0.053,0.343,0.084,1.532,0.034,0.99,1
Gaia EDR3 5602103277865675136,-0.008843,-0.045534,119.37497213289,-25.9540876053,0.1447,0.1628,-1.613,0.119,2.194,0.155,18.76643,0.003164,1.201021,0.03362949938669917,18.941,0.031,0.806,0.055,0.234,0.071,1.536,0.037,1.0,1
Gaia EDR3 5602103179083965696,0.033968,-0.03682,119.42258162839,-25.94536909354,0.2943,0.259,-2.086,0.178,2.396,0.224,19.367954,0.003553,1.157736,0.04751381038182478,19.664,0.054,0.852,0.085,0.19,0.127,1.758,0.056,0.99,1
Gaia EDR3 5602104003729754496,0.064484,0.031917,119.45647698938,-25.87662006455,0.2077,0.0769,-1.651,0.054,2.088,0.067,17.516481,0.002846,0.717949,0.009813248442794057,17.569,0.02,0.362,0.033,0.467,0.035,1.115,0.028,0.99,1
