# Binary systems ID's begin with a '2'
ID Vmag (Bmag-Vmag) (Umag-Bmag) e_Vmag e_(Bmag-Vmag) e_(Umag-Bmag) M_ini1 M_ini2
10 18.858252578779695 0.7045634148769775 0.2601562715693653 0.025197289959428767 0.044672427399582715 0.06209964048531552 1.5968372426226594 -99.0
11 18.77360845609181 0.6514714964284685 0.20717671726526582 0.024729382707129925 0.04371391670155558 0.05880742412630513 1.6187351291042447 -99.0
12 16.340593106284913 0.36497192824997127 0.24124906005286417 0.020099984708524657 0.029569250509254047 0.027087191931723178 2.6176314765763755 -99.0
13 17.074673055012653 0.4048556375169991 0.2903930531842144 0.020550946851424036 0.03194142112712983 0.03004617164758814 2.2822568325829793 -99.0
14 18.199296522522932 0.6197036044133047 0.36062848380494583 0.022452197142381853 0.03834864259583524 0.042947520470491746 1.7834071243995484 -99.0
25 16.210783205663446 0.42179532711444123 0.28774279795730323 0.020050598709054672 0.029247847180385568 0.026768351860627444 2.4858658503239006 1.845176734338037
16 18.6455298304903 0.6440388074968213 0.24362733942505685 0.0240961660861257 0.042352820809599664 0.05436798379371923 1.651952315368256 -99.0
17 19.17888155614444 0.7561552875691377 0.2443464259506508 0.02740130980979005 0.04877727326413804 0.07771854508351497 1.4780584231553142 -99.0
28 15.752607988345801 0.393648741999202 0.2702718310174115 0.019921577156754657 0.02829372629057686 0.025943153397841503 2.7231277878031213 2.431078263943169
19 18.862921976173688 0.7029126981429803 0.2559866847113741 0.025224336769886616 0.04472673028900783 0.06229022704426476 1.5944026370495907 -99.0
210 15.863127107884695 0.32572003937655347 0.20374524582154285 0.019947254910718595 0.028500522619507685 0.026106322298157764 2.6642498387038858 2.0114965169476267
111 18.777352350524538 0.7632119052937034 0.3785568706033815 0.024749208574297545 0.04375529404814051 0.05894672578704681 1.6413623267908417 -99.0
112 18.478068679482227 0.5990077874473225 0.23792677726823488 0.023387239508787277 0.040723563394244995 0.04942239005660548 1.6915468220443004 -99.0
213 18.892210207026324 0.7773801332913134 0.25136148467350206 0.025397053724982317 0.045070821990807766 0.06350798808403087 1.5030504764566857 1.1185266825487619
114 17.64710229044043 0.48545348571192176 0.3403822290485251 0.021244133463062916 0.034667687295656766 0.03469335801748602 1.991077397390606 -99.0
115 18.28333736304651 0.6086657433443491 0.31945834036029597 0.02270576698407365 0.039023361093233414 0.04469725554168619 1.7419043783921797 -99.0
116 17.874895868998614 0.48630379246626754 0.29164039076134396 0.021659323166344103 0.03604049144754332 0.0375124780725577 1.8909063817896774 -99.0
217 16.17274250949697 0.3709327363746007 0.2412025515006183 0.02003736049791301 0.029158295180075806 0.02668313148858347 2.4880626575726277 1.8466144653679306
118 16.227989387819765 0.354207781654714 0.23126918888057055 0.020056763001445668 0.029289026999301283 0.026808071220454165 2.6759527966253835 -99.0
119 18.592160632123303 0.6230387900740028 0.23177363236736886 0.023856516274395338 0.04181574975630686 0.05269303904745328 1.663122330498008 -99.0
220 15.605825624532946 0.3574099107872 0.23566017758060415 0.019891784587231363 0.02803939616922169 0.025754654925748046 2.75681473138143 2.4084370940910316
121 18.9967075995722 0.7831926878081733 0.34381522556290933 0.026058600873459105 0.04634884924859575 0.06818302711507837 1.56194540922994 -99.0
122 17.302558442920702 0.43619427419547313 0.3185614116455024 0.020778189218453032 0.03291640252003218 0.03155950779662836 2.145698306626151 -99.0
123 17.62864565728416 0.44734810357929555 0.30149464395644654 0.021214656816709365 0.03456443972539219 0.03449407694845527 1.9892179203879752 -99.0
124 17.797932502408713 0.508267353956687 0.3364627563638148 0.021507765660861603 0.035555586164764445 0.03648091998472666 1.9320151680902238 -99.0
225 17.82805771042004 0.6731706242419321 0.3541263309470004 0.02156562929111257 0.03574273311380299 0.03687444359194369 1.7676064161648304 1.390463424624538
126 16.723878488079375 0.4087569795611739 0.2869928745172939 0.0202922178569094 0.030677903200960924 0.028339588477693675 2.430077212786388 -99.0
127 15.992447908145808 0.33288401431880277 0.218331045726054 0.019981355049750005 0.028760523895625514 0.02632389614527168 2.8000224544720607 -99.0
128 18.80841725066081 0.6930841213324469 0.25922054353180857 0.024916765443912154 0.044102222034924546 0.06012472131899306 1.614341748757481 -99.0
129 16.783268348492946 0.3900380272645945 0.2716452258068844 0.020329579826223788 0.030873603652009703 0.028584727254100602 2.399249026708193 -99.0
230 18.27169697107676 0.7709258513617294 0.3119205422639111 0.02266929146071157 0.0389278695412382 0.04444525601899936 1.5989862102931534 1.5103459891584403
131 16.663194454955427 0.3764125411715652 0.2560095765755484 0.020256381734991398 0.030484995870621413 0.02810493867380422 2.457100934566398 -99.0
232 15.398034181835937 0.36774127053903827 0.26143007417380687 0.019856760537069914 0.027715499002489125 0.025534369208486694 2.9132381176724613 2.3732439718467666
233 17.457318065497635 0.5202750984537474 0.298798156311189 0.020966736982434613 0.03365854837130399 0.03282321239242911 1.962035116979471 1.4415054570002321
134 19.093741542742098 0.7427239117222793 0.2462637185746957 0.02674166429902306 0.04760934680648222 0.07302660145911663 1.5164478764973728 -99.0
135 19.027060467213673 0.7529428388273626 0.28442337040151155 0.026264810621584457 0.046735301928600606 0.06964356381374091 1.5461954207026347 -99.0
136 18.48671725520095 0.5874064147600307 0.2185092356481771 0.023420869923597418 0.04080376771237934 0.049656351601204005 1.6873395805613194 -99.0
137 18.492080154817405 0.6628047773903044 0.3231266059963885 0.023441878292214054 0.04085371059744798 0.04980253821060683 1.6972431049790682 -99.0
238 17.930657727283638 0.6494565481272266 0.3148447871386972 0.021777068267417155 0.03640603776110506 0.038315692916345026 1.7607092596523786 1.4329316994942856
239 16.8896464980529 0.5019645708328 0.3417819546448306 0.020402635777706072 0.031242010449479815 0.02906541989501 2.1661528125539546 1.7584374829575162
240 14.90837936753364 1.2201674643267941 0.74562432486653 0.01979908574862869 0.02709420890533145 0.025175668532736978 3.172768695599026 2.5054664382320437
141 18.221602985143655 0.5782184719227087 0.29867058103315525 0.022517327074930624 0.038524433596170395 0.04339646490149694 1.762841701518103 -99.0
242 16.992635040569706 0.4518628708642664 0.291062372795507 0.02048160954321872 0.03162173730019951 0.02958689537992007 2.0901259550785283 1.5851978595041425
243 18.94340706029446 0.8007289074970101 0.2559581271509688 0.025712072366597054 0.045686986332387367 0.0657321055610163 1.4547430608358718 1.244326708423188
144 18.141886679381205 0.6471260500498603 0.41348741315057197 0.022291446512982562 0.03790685903468188 0.04184094275824983 1.8174955368137649 -99.0
145 18.582925960770183 0.6308651793951615 0.24638772307060047 0.0238163993152441 0.04172454702324725 0.05241295572089772 1.6671575770511837 -99.0
146 19.039074795623655 0.7087094683745778 0.2065163857065085 0.02634827234646521 0.0468902184026664 0.07023512718191409 1.533200711358126 -99.0
147 17.864871101577084 0.5052513509220844 0.3170102637222651 0.021638879118925373 0.035976058269094606 0.03737317269544766 1.9012530300927486 -99.0
248 17.13614317422375 0.5205028517600554 0.3395549795567875 0.02060697323265678 0.032191457087929344 0.030418178874641228 2.0399038312623357 1.8352877281499913
149 19.25373826273413 0.7537274252593579 0.21792457025215672 0.028032242859580322 0.04985447467825855 0.08221841785369606 1.4513190668546907 -99.0
150 16.620549128785058 0.3212051856954099 0.20499984044917616 0.020232534509574043 0.030353563078127834 0.02794906437753256 2.461343798332148 -99.0
151 15.614815855472417 0.3912082364629414 0.3053776429688749 0.01989347988373701 0.028054339469390836 0.025765355418385847 2.9698345407719775 -99.0
252 16.431643718618627 0.46562602100238093 0.326913223687436 0.020138884015230632 0.02981006110895379 0.027339263775859976 2.375713987400111 1.771512774586834
153 17.710725683324632 0.49804211963037165 0.34328643679272974 0.021350253541073422 0.03503247174624785 0.03541180410432411 1.971051812814525 -99.0
254 17.046233264558914 0.530654587983529 0.3642783788605798 0.020526228299059122 0.031828815577445164 0.029882295193185436 2.1001780382350184 1.539943789760204
255 19.40948106418327 0.9086144374394132 0.33872134881265936 0.02951578017441209 0.05225643900124161 0.09284114925366928 1.36285520995464 1.0582653222775567
256 18.60703712241199 0.7529822197897087 0.23320451212582372 0.02392196883373536 0.041963736068538066 0.053150193994698544 1.5339486817105645 1.307577259861935
257 15.177325076783783 0.4233223433917081 0.340638481435449 0.01982706951016775 0.02741284768251923 0.025348973200966955 3.037933838774898 2.520244260883303
158 15.167303684048488 0.3598578438213699 0.23160714272668273 0.019825878368134153 0.027400031850088873 0.025341565597997953 3.156699164500327 -99.0
259 16.570751009012447 0.4382400763597245 0.316789215008612 0.020206010404594767 0.030204271787011364 0.027775963911488698 2.22852053114648 2.1051003786401368
160 19.27275397587414 0.8443650812645567 0.3772394545588451 0.028200602789848372 0.05013588862282321 0.08342106809823263 1.4613795690130522 -99.0
261 14.873922593657195 0.37530030620672766 0.3053073468013929 0.01979604019404324 0.02705696856008169 0.025156907987231913 3.0962262019723967 2.6011464794361725
262 18.232247742770234 0.7527214866529007 0.295366479284315 0.02254895112738925 0.03860915281689889 0.04361457278736186 1.5946867850521849 1.5322348573377385
163 19.59900921209851 0.7984241752687143 0.19712118458648809 0.0316824842936682 0.05549821817988381 0.10844717992368968 1.3797201857430113 -99.0
164 19.027488327074995 0.7079072706190002 0.2091026881839389 0.026267764791126327 0.04674079977750991 0.06966449837741033 1.5375558052073315 -99.0
165 19.594486487436946 0.8018055775616149 0.20574004474114913 0.031625581193972734 0.05541649925215408 0.10803608455160638 1.3815423298510758 -99.0
166 17.619343425406527 0.5020720212626388 0.36240993469270616 0.021200016308134333 0.034512833154749116 0.034395144306318154 2.0140896313697003 -99.0
167 18.473517108977653 0.6582894429407635 0.3230066395437133 0.023369663206817215 0.04068151993571039 0.04930014182391226 1.699881131172302 -99.0
268 16.409556404734737 0.43357837768983676 0.3021888404703297 0.02012910208456321 0.029750433369621618 0.027275803184479915 2.369058481922327 2.26563024056033
169 19.795070337839636 0.9132489481737514 0.395536668353046 0.034429077370665584 0.059262076868164495 0.12835972996527678 1.3446309126702647 -99.0
