id x y V eV BV eBV UB eUB VI eVI ra dec d_arcsec
74 4094.36 739.038 13.267 0.024 0.455 0.044 0.034 0.053 0.702 0.046 115.92281568365466 -28.533282073012384 7.9378
523 1422.58 2832.02 14.804 0.023 1.506 0.031 1.091 0.03 1.91 0.029 116.28716039703625 -28.277358269940034 5.1796
653 1720.93 3141.79 15.741 0.026 0.746 0.035 0.23 0.041 2.08 0.039 116.24594241841503 -28.240125437326462 5.8104
709 4108.33 3163.54 15.067 0.027 1.663 0.034 1.116 0.042 1.758 0.047 115.91852374011654 -28.239711073626808 7.8798
743 3030.1 2732.39 15.869 0.034 0.71 0.044 0.129 0.031 1.042 0.044 116.06680993492677 -28.290916877482854 5.5186
789 6.234 212.644 15.699 0.041 1.158 0.076 0.059 0.09 "" "" 116.48395890364617 -28.593222981437638 5.0560
1357 3.392 813.745 16.401 0.042 0.848 0.076 1.221 0.185 1.05 0.096 116.48375952708739 -28.520432761828783 5.0882
1534 3593.04 1580.97 17.442 0.146 -0.416 0.191 0.986 0.195 "" "" 115.99073932222306 -28.430866133826147 5.5437
3067 6.045 497.944 17.303 0.043 2.426 0.196 -0.643 0.224 1.358 0.053 116.48370521081748 -28.558675706493524 8.2063
4914 3476.34 1579.52 18.672 0.054 0.984 0.091 0.413 0.15 2.146 0.06 116.00674445954769 -28.430933229352622 7.3689
5508 7.482 32.629 18.31 0.052 1.552 0.077 -0.007 0.109 1.376 0.057 116.48396418421235 -28.61502223507635 11.0663
6777 4.723 437.205 18.888 0.05 0.939 0.117 "" "" 1.437 0.065 116.48394603192051 -28.56602938908382 10.1244
7959 4100.67 4002.08 19.132 0.031 1.237 0.053 0.232 0.093 1.551 0.046 115.91875237779915 -28.138164784902745 11.4675
8352 4102.03 4053.78 19.218 0.031 1.316 0.054 0.602 0.141 1.622 0.045 115.91851520431868 -28.131905674020768 6.0130
8498 4.184 1153.45 19.256 0.051 1.491 0.097 "" "" 1.571 0.06 116.48331798407833 -28.479298474071093 10.1345
8798 2.609 705.668 19.457 0.064 1.726 0.127 "" "" 2.351 0.098 116.48397282627461 -28.533519124183137 9.2746
9248 3635.37 1574.82 19.91 0.139 0.06 0.187 1.369 0.202 "" "" 115.98494040265591 -28.43165019039176 8.6554
9502 5.289 763.093 19.426 0.044 1.282 0.083 0.761 0.217 1.441 0.053 116.4835490230458 -28.526567997684484 11.7102
9671 4107.27 3195.46 19.554 0.017 1.139 0.044 0.184 0.128 1.481 0.033 115.91863782022565 -28.23584488176189 9.6665
9880 4104.0 3840.6 19.549 0.026 1.293 0.064 "" "" 1.444 0.043 115.91845397676067 -28.157721562899376 14.7353
10024 1479.4 3893.6 19.409 0.499 1.388 0.67 "" "" "" "" 116.27832794297102 -28.148863913358372 8.6751
10711 3957.05 50.931 20.206 0.097 0.103 0.147 0.911 0.235 1.986 0.119 115.94232015007553 -28.61647759961205 6.0307
10981 4108.1 3505.29 20.137 0.033 1.585 0.083 "" "" 2.376 0.042 115.9182203453931 -28.198328205880497 14.1489
11559 2856.28 656.022 20.025 0.116 0.286 0.213 "" "" 1.185 0.176 116.09268180017237 -28.54218358333096 7.5590
11971 5.653 2.055 20.239 0.047 1.581 0.131 "" "" 2.095 0.057 116.48424496948427 -28.618722753578563 18.2587
12897 4109.96 3624.27 20.107 0.033 1.062 0.072 "" "" 1.478 0.052 115.9178486656345 -28.183922595775307 9.0024
13465 4110.58 2731.14 20.152 0.035 1.24 0.064 "" "" 1.501 0.062 115.91863896361386 -28.29207266652963 13.8727
13646 3287.01 1225.59 20.348 0.369 0.787 0.688 "" "" "" "" 116.03305520229578 -28.473614761471165 9.6605
14744 2833.8 2720.99 20.484 0.497 0.889 0.701 "" "" "" "" 116.09374081196928 -28.292114825743237 5.7267
15076 3961.95 54.114 20.828 0.094 0.249 0.147 "" "" "" "" 115.94164506644874 -28.6160967238717 7.1867
15245 3978.49 1750.91 20.811 0.093 -0.004 0.193 "" "" "" "" 115.93771388097413 -28.41064634493954 10.6621
15813 2330.8 766.02 20.883 0.077 0.319 0.101 -0.342 0.121 0.982 0.1 116.16463597319334 -28.528375386429786 5.3039
16595 3888.83 44.651 20.414 0.534 1.313 0.62 "" "" "" "" 115.95168169064885 -28.61717462944572 6.0528
17026 4110.63 3955.06 20.713 0.035 1.366 0.101 "" "" 1.643 0.059 115.91743259040506 -28.143867715775055 9.6294
17330 3195.89 1449.76 20.52 0.437 1.297 0.473 "" "" 1.369 0.419 116.04533129139347 -28.4463852139696 5.8579
17353 652.925 122.341 21.323 0.558 1.724 0.647 "" "" 2.139 0.528 116.39536309371367 -28.604758981419447 5.8895
17685 3972.17 1041.18 21.447 0.052 0.096 0.09 -0.837 0.124 "" "" 115.93927615631148 -28.49658197960934 9.1542
18063 1489.4 1995.91 21.492 0.082 0.161 0.113 -0.316 0.154 "" "" 116.27881643990857 -28.378665304705137 11.8865
18289 4110.71 3102.47 20.82 0.044 1.406 0.131 "" "" 1.428 0.069 115.9182572098914 -28.247108278568575 8.2057
18604 48.017 65.053 21.194 0.097 0.484 0.154 "" "" "" "" 116.47837361804132 -28.611133680801856 6.4718
19285 763.367 574.907 22.091 0.101 -0.38 0.128 "" "" 2.671 0.106 116.3797740292677 -28.550060238649987 5.0172
19649 5.971 11.157 21.253 0.084 0.513 0.164 -0.935 0.537 0.929 0.32 116.48419243986953 -28.61762088411474 16.9675
19955 2994.74 1240.05 21.213 0.06 1.075 0.12 "" "" 1.794 0.078 116.07312163167668 -28.47159209649047 10.3331
20122 2108.1 283.594 21.553 0.084 -0.081 0.118 "" "" 1.681 0.097 116.19564886248108 -28.586585533130798 8.5004
20335 7.4 345.762 21.141 0.088 1.329 0.195 "" "" 1.552 0.099 116.48366853984031 -28.5771047497045 7.6537
20460 1532.47 1442.03 21.512 0.097 1.242 0.174 "" "" 2.027 0.102 116.273452848939 -28.445774909578606 7.1281
20560 3264.76 2722.85 20.43 0.499 2.103 0.619 "" "" "" "" 116.03463906147157 -28.292290222670054 7.7340
20645 1500.14 2002.56 21.63 0.073 0.144 0.102 "" "" 1.638 0.102 116.27733708692037 -28.377870037377015 10.0544
21023 3075.87 1576.97 21.286 0.045 0.892 0.139 "" "" 1.432 0.074 116.06166562400794 -28.430869728658532 6.3597
21028 3675.71 3059.88 21.708 0.062 0.146 0.097 "" "" "" "" 115.97795290581662 -28.25186113916594 12.7003
21034 1805.44 64.141 21.92 0.115 0.339 0.18 "" "" 2.34 0.122 116.23736937905024 -28.61287783489153 10.4973
21041 971.067 109.583 22.07 0.126 -0.197 0.156 "" "" 2.15 0.143 116.35174702586205 -28.606599601384683 9.3970
21044 499.171 1008.45 21.731 0.129 0.236 0.182 "" "" "" "" 116.41557978884366 -28.497316731524304 7.5162
21447 1217.08 504.875 21.55 0.416 0.502 0.658 "" "" 1.704 0.473 116.31762249263392 -28.558962220099023 8.7194
21524 522.964 936.253 21.665 0.104 0.429 0.155 "" "" 1.847 0.106 116.41238768067606 -28.506081215422572 5.9240
21589 734.62 2109.59 20.764 0.408 0.311 0.748 "" "" 0.957 0.389 116.38221218114738 -28.364198093061397 10.2790
21695 2041.65 9.568 21.984 0.083 -0.423 0.139 "" "" 2.087 0.098 116.20503008061846 -28.61970568624177 6.2309
21772 738.927 377.86 21.865 0.094 -0.191 0.221 "" "" 2.069 0.104 116.38331873970456 -28.573898024621293 6.7832
21874 2795.46 2133.65 21.944 0.092 0.07 0.134 "" "" "" "" 116.09957421726256 -28.363200436728594 7.9601
21878 673.097 238.476 22.495 0.187 0.339 0.302 "" "" 2.727 0.186 116.39248297642172 -28.590714896618547 10.7380
21961 111.477 1941.46 21.551 0.08 1.215 0.192 "" "" 1.735 0.089 116.46783200378366 -28.38397774626308 9.1355
22024 1279.77 1693.34 21.572 0.084 1.01 0.147 "" "" 1.745 0.095 116.30786069795542 -28.415108761314777 8.3528
22047 1565.79 2393.92 21.397 0.071 1.233 0.132 "" "" 1.493 0.087 116.26795058271222 -28.330541116241086 6.3857
22050 2404.04 1405.61 21.699 0.148 1.007 0.214 "" "" 1.875 0.15 116.15396532974282 -28.450995243977175 5.0943
22065 3349.06 3082.17 21.904 0.086 0.716 0.167 "" "" 2.133 0.093 116.02272638080629 -28.248858376106615 6.9184
22070 2085.87 476.831 21.642 0.128 2.337 0.631 "" "" 1.824 0.134 116.19850800121625 -28.563165716750206 9.2928
22081 2177.58 1320.93 21.479 0.076 1.17 0.167 "" "" 1.609 0.096 116.18510403322085 -28.461038661771696 6.3242
22145 3082.05 501.413 21.623 0.086 1.115 0.219 "" "" 1.794 0.099 116.06187223805985 -28.561115131647384 12.3462
22157 1037.71 1425.53 21.545 0.095 0.968 0.177 "" "" 1.644 0.107 116.34131819428293 -28.4473129673479 8.0289
22223 1554.1 1009.04 21.623 0.113 1.488 0.279 "" "" 1.769 0.12 116.27091096412009 -28.498225961693944 9.1467
22228 3818.52 2418.93 20.331 0.479 2.157 0.746 "" "" 0.445 0.456 115.95899675110677 -28.329606807041426 8.7845
22260 1500.42 1284.82 21.522 0.11 1.365 0.211 "" "" 1.634 0.117 116.27800211805597 -28.4647817418111 6.9627
22279 1348.73 254.705 21.591 0.09 1.29 0.33 "" "" 1.669 0.094 116.29981378213496 -28.58937779587203 9.2977
22301 1468.29 675.258 21.632 0.107 0.897 0.191 "" "" 1.719 0.12 116.28300569063276 -28.53856399718216 6.1058
22311 2920.41 1001.13 21.859 0.133 0.943 0.272 "" "" 1.985 0.138 116.08354907175625 -28.500453923684855 5.6219
22406 1940.21 915.298 21.643 0.107 0.803 0.165 "" "" 1.662 0.116 116.21805343790393 -28.509936152715138 7.8978
22412 1963.49 1244.53 21.845 0.106 0.137 0.141 "" "" 0.842 0.152 116.21453825529872 -28.470090950105465 10.4448
22477 489.178 596.958 21.686 0.077 0.641 0.178 "" "" 1.703 0.093 116.41735347150436 -28.547135184521753 5.0254
22479 1273.0 177.056 21.989 0.112 -0.484 0.198 "" "" 1.877 0.122 116.31027515651479 -28.598709947118426 7.8650
22490 1588.41 897.829 21.489 0.105 1.182 0.193 "" "" 1.487 0.116 116.26631483769923 -28.51172444428733 5.3621
22511 1078.64 739.739 22.17 0.109 -0.277 0.148 "" "" 2.001 0.116 116.3363773541907 -28.530393742366282 5.6455
22517 3600.56 3092.67 20.307 0.381 1.03 0.443 "" "" -0.285 0.373 115.98822650461722 -28.247820723754877 6.4893
22551 1841.66 69.236 21.512 0.082 1.363 0.319 "" "" 1.468 0.104 116.23239733677782 -28.61229454966605 7.8560
22588 872.382 1409.6 22.108 0.14 0.118 0.193 "" "" "" "" 116.3640061493978 -28.449088247158873 9.3229
22591 1712.76 1703.62 21.763 0.094 1.0 0.198 "" "" 1.806 0.1 116.248472310219 -28.4142664639439 9.9501
22624 1648.51 48.335 21.781 0.097 0.078 0.238 "" "" 1.719 0.107 116.25890554846485 -28.61464590636191 6.4786
22669 1912.68 1799.17 21.705 0.106 1.292 0.233 "" "" 1.781 0.12 116.2209625304164 -28.40288212131779 5.1992
22678 2046.97 2395.05 21.744 0.08 0.712 0.157 "" "" 1.723 0.09 116.20196260139205 -28.330851594241306 7.3645
22679 499.597 678.799 22.134 0.103 -0.159 0.139 "" "" 1.875 0.113 116.41584444724367 -28.53723470838008 5.1321
22770 3994.9 362.331 21.646 0.082 1.263 0.212 "" "" 1.662 0.107 115.93682437926286 -28.578805225954337 5.1463
22800 3416.64 4033.74 21.716 0.069 0.559 0.166 "" "" 1.608 0.082 116.01252616497504 -28.133695180176467 8.7903
22809 3317.09 1398.11 21.992 0.112 0.958 0.252 "" "" 1.991 0.115 116.0287610854349 -28.452752203444994 6.2612
22818 2401.31 2529.7 21.708 0.082 1.249 0.227 "" "" 1.703 0.095 116.15323803280843 -28.3148761663802 7.4499
22834 137.195 2489.93 21.89 0.115 -0.172 0.53 "" "" 1.836 0.123 116.46376761811416 -28.317587186683973 5.4325
22897 728.935 239.609 21.941 0.105 -0.418 0.22 "" "" 1.745 0.116 116.38482449234336 -28.590629608777842 8.4596
22916 3690.51 244.648 21.729 0.079 1.105 0.216 "" "" 1.748 0.112 115.97868239947483 -28.592772546580942 11.2531
22980 3606.21 1065.76 21.663 0.084 1.326 0.253 "" "" 1.571 0.1 115.98943818460668 -28.493265376463352 7.3923
22985 1221.89 432.046 21.964 0.135 0.991 0.31 "" "" 1.931 0.142 116.31703424761223 -28.567785586343927 5.6818
22995 3223.59 2134.61 21.925 0.112 0.222 0.614 "" "" 1.831 0.113 116.04086144236699 -28.363482184242137 14.3620
23012 3247.2 1639.56 21.903 0.102 1.257 0.323 "" "" 1.901 0.114 116.03810885179507 -28.423449948979073 10.1535
23082 2947.75 1168.8 21.865 0.116 0.881 0.235 "" "" 1.777 0.128 116.0796354595414 -28.480176107102924 7.7289
23130 1273.65 1668.85 21.842 0.115 1.194 0.243 "" "" 1.733 0.119 116.30872396909035 -28.418068576689592 11.3161
23146 2963.36 97.281 21.886 0.096 0.765 0.333 "" "" 1.827 0.121 116.0785449280678 -28.609941313172556 5.7528
23166 2242.23 1420.01 21.739 0.093 1.433 0.28 "" "" 1.621 0.107 116.17614111681218 -28.449101121463332 6.8377
23265 3257.19 1602.15 21.837 0.079 1.449 0.366 "" "" 1.773 0.102 116.03677553194753 -28.42798922872194 7.3794
23284 2999.02 3161.93 22.024 0.098 0.184 0.594 "" "" 1.902 0.108 116.07065113170579 -28.23887480252257 6.2141
23300 3274.31 2186.25 21.742 0.092 1.331 0.233 "" "" 1.562 0.104 116.03385531797804 -28.357276224381078 11.3757
23308 1082.13 300.115 22.014 0.123 1.152 0.336 "" "" 1.914 0.134 116.33632960959373 -28.583631245242046 5.0815
23313 1107.3 1185.78 21.763 0.098 1.283 0.231 "" "" 1.587 0.11 116.33200990247751 -28.476409089202118 5.3495
23332 633.022 493.439 22.306 0.089 -0.405 0.149 "" "" 1.994 0.103 116.39772880341815 -28.559804063542163 5.4728
23353 2595.62 2706.29 20.29 0.466 0.092 0.707 "" "" 0.031 0.446 116.12641815916868 -28.293673440312133 6.7529
23384 3253.43 2639.77 21.912 0.087 -0.046 0.55 "" "" 1.659 0.114 116.03627423049494 -28.302339882977076 5.6922
23424 1736.25 108.492 20.0 0.481 1.606 0.584 "" "" -0.221 0.457 116.24681431961105 -28.607443033517825 5.5269
23447 558.173 1938.77 22.099 0.111 1.109 0.312 "" "" 1.972 0.121 116.40657674787957 -28.38471873299702 8.5187
23464 4092.25 3852.6 21.944 0.095 0.624 0.217 "" "" 1.69 0.115 115.9200535584929 -28.15625755482916 14.2865
23481 888.182 167.342 22.309 0.138 -0.147 0.207 "" "" 1.911 0.156 116.36305689683293 -28.599528488524204 5.7360
23598 1140.3 50.16 22.48 0.156 -0.076 0.28 "" "" 2.195 0.16 116.3285974070536 -28.613952478762233 9.8120
23631 2806.6 758.077 22.278 0.113 -0.392 0.418 "" "" 2.022 0.128 116.09939467311399 -28.529779516580906 10.4765
922 378.026 309.273 15.719 0.036 1.13 0.051 0.494 0.052 1.138 0.057 116.43287830871485 -28.58186775632792 9.9129
1934 1366.54 3962.07 17.145 0.165 0.872 0.201 -0.129 0.139 "" "" 116.29373795398921 -28.14046793583091 11.4036
4132 2505.71 3713.06 17.969 0.021 0.87 0.042 0.961 0.062 1.276 0.036 116.13776131842688 -28.17167964830502 5.9663
5317 3958.87 110.788 18.472 0.023 0.995 0.041 0.244 0.077 1.316 0.046 115.94201189989298 -28.60923118172592 6.1702
5385 81.8 3980.31 18.354 0.047 2.195 0.15 "" "" 1.427 0.053 116.46990357721977 -28.137064938076787 5.5927
5762 391.744 2592.77 18.71 0.158 0.861 0.253 "" "" "" "" 116.42875911685131 -28.30537087854935 8.9418
5270 33.623 178.032 18.326 0.043 1.394 0.075 0.354 0.099 1.538 0.053 116.48023682051823 -28.597439624462062 9.4112
6409 3710.86 44.813 18.742 0.021 1.315 0.05 "" "" 1.354 0.044 115.97608754197762 -28.61698956994016 6.7522
6506 431.7 1149.94 19.275 0.079 1.483 0.108 "" "" 2.17 0.078 116.42469379127087 -28.480120925018873 5.5865
6684 3979.35 1364.46 18.877 0.028 1.019 0.043 0.178 0.057 1.477 0.041 115.93797468904732 -28.45744254049415 5.5528
6201 3630.17 333.859 18.752 0.024 1.516 0.046 "" "" 2.113 0.041 115.98686972506106 -28.58191385564194 6.0511
7033 659.278 90.266 18.696 0.055 1.522 0.073 0.478 0.108 1.46 0.064 116.39452330715896 -28.608648862731403 8.1994
3779 140.364 428.558 17.746 0.04 1.195 0.059 0.201 0.075 1.345 0.051 116.46535330621818 -28.5672025513743 5.2727
7260 552.538 272.008 19.837 0.078 -0.351 0.094 0.531 0.076 1.783 0.084 116.40898303525395 -28.5865424194071 6.4125
7537 1122.36 47.74 19.032 0.048 1.753 0.075 "" "" 1.848 0.058 116.33105999019209 -28.614228840379198 6.3672
7585 154.768 693.785 18.914 0.045 1.308 0.08 0.406 0.1 1.354 0.055 116.46311806738187 -28.535099490413444 8.5311
3293 69.514 111.193 17.416 0.039 1.303 0.059 0.307 0.069 1.19 0.047 116.47538039555302 -28.605566552277452 11.2220
7631 436.06 149.875 18.834 0.058 1.476 0.073 0.81 0.102 1.528 0.067 116.42507600520987 -28.601223277488426 8.9486
7455 3599.0 630.822 19.06 0.033 1.021 0.048 0.337 0.077 1.514 0.045 115.99085319760366 -28.545925502754336 5.4589
7657 3600.94 48.488 19.089 0.028 1.075 0.05 0.363 0.09 1.438 0.048 115.99115787760216 -28.6164423797827 7.2378
3541 3472.75 158.634 17.696 0.023 1.483 0.047 1.08 0.093 1.949 0.044 116.00862933125201 -28.602985586622104 5.2618
323 2490.25 760.851 14.933 0.036 0.413 0.047 0.087 0.041 0.844 0.042 116.14277477902804 -28.529149529316474 5.1461
8812 3748.0 945.528 19.387 0.03 1.112 0.052 0.234 0.101 1.624 0.043 115.97011157265892 -28.507956130394245 5.0103
7933 961.177 328.916 19.127 0.056 1.491 0.083 "" "" 1.671 0.064 116.35288833649365 -28.58003128058107 7.6123
7625 94.877 787.346 19.3 0.052 1.695 0.095 "" "" 2.055 0.06 116.47123955584959 -28.523714473505823 5.0575
9147 197.341 869.592 19.383 0.052 1.243 0.085 0.491 0.147 1.528 0.058 116.45710749489604 -28.51385052177811 6.6567
5151 4037.68 803.132 18.43 0.018 1.306 0.038 "" "" 1.908 0.036 115.93052570940038 -28.525468212741696 6.7279
9528 517.933 524.969 19.468 0.06 1.256 0.101 0.523 0.154 1.557 0.067 116.41348069298907 -28.555879094340302 6.3309
4799 2133.74 4076.99 18.255 0.021 1.147 0.036 0.368 0.062 1.548 0.032 116.18841494750308 -28.127265421289955 5.6816
9814 4086.35 1751.73 20.766 0.237 -0.433 0.274 "" "" "" "" 115.92292163916451 -28.41064731862244 8.4246
10100 3620.8 108.752 19.623 0.027 1.102 0.056 0.198 0.125 1.467 0.048 115.98837530359131 -28.609163448273247 6.5037
10209 212.635 774.824 19.496 0.055 1.113 0.086 0.48 0.109 1.319 0.062 116.45510302254955 -28.52534023697454 8.0556
10473 1720.49 3832.95 20.378 0.038 0.464 0.165 0.937 0.28 2.465 0.042 116.24532537898921 -28.15643216774384 5.5946
9043 130.368 583.334 19.38 0.054 1.406 0.089 "" "" 1.593 0.063 116.46657242302295 -28.548451366823834 5.2120
2277 758.952 708.06 17.02 0.04 1.032 0.056 0.544 0.067 1.404 0.046 116.38024898454711 -28.533932580593284 6.4678
10818 4015.3 586.848 19.762 0.024 0.973 0.057 0.331 0.133 1.292 0.047 115.93380677408365 -28.551637330284333 5.8143
9349 921.511 596.468 19.531 0.056 1.421 0.081 "" "" 1.885 0.065 116.358065737069 -28.54759642031132 5.2218
11164 3694.44 291.203 19.835 0.033 1.227 0.088 0.611 0.228 1.636 0.056 115.97809783009936 -28.58713883505361 6.7969
11183 1261.6 4076.49 20.86 0.272 -0.2 0.299 "" "" 0.237 0.471 116.30801681780815 -28.126515215632942 9.7478
11263 3296.3 4026.53 19.901 0.031 1.04 0.075 "" "" 1.647 0.046 116.02903612077745 -28.13445637278727 5.3567
9025 991.704 434.828 19.48 0.05 1.568 0.09 "" "" 1.803 0.058 116.34859819996382 -28.56723472935172 5.5650
3740 3969.13 1017.39 17.775 0.021 1.057 0.034 0.444 0.039 1.377 0.037 115.93971636397424 -28.49945989488586 5.1473
11851 1246.83 390.144 19.967 0.066 1.509 0.101 "" "" 1.741 0.072 116.31365515404056 -28.572882701974876 5.6545
214 1120.81 2805.79 14.467 0.021 0.727 0.03 0.248 0.028 "" "" 116.32856949263062 -28.28025394319074 5.4312
7243 372.045 86.502 18.749 0.049 1.624 0.066 "" "" 1.535 0.061 116.43391684551445 -28.6088376321697 11.1131
12105 45.414 822.781 20.043 0.051 1.705 0.109 "" "" 1.769 0.059 116.47798796205468 -28.519377652827213 5.1449
12477 3570.67 97.265 20.03 0.037 1.355 0.131 "" "" 1.512 0.064 115.99526116562313 -28.610507812629667 6.1362
12512 4073.18 1751.02 20.532 0.094 -0.149 0.168 "" "" 2.05 0.223 115.92472840992504 -28.4107210498508 6.9273
12643 3074.32 56.887 20.045 0.033 1.465 0.089 "" "" 1.637 0.062 116.06336795835813 -28.61493578956903 5.1448
12759 20.717 813.036 20.217 0.06 1.8 0.162 "" "" 1.783 0.065 116.48138434891057 -28.52053472045184 9.5973
12761 198.873 315.347 20.13 0.056 1.436 0.094 "" "" 1.791 0.066 116.45744059725297 -28.580965710479415 9.6501
12763 498.914 136.669 19.993 0.07 1.623 0.112 "" "" 1.596 0.079 116.41646943135666 -28.602880827452054 11.7148
12778 1839.42 3813.8 20.392 0.036 0.919 0.092 "" "" 2.01 0.042 116.2290346186944 -28.158861608076577 5.5932
12834 540.851 166.609 19.984 0.063 1.465 0.113 "" "" 1.471 0.076 116.4106890356458 -28.599294365116442 7.8839
12976 85.851 15.15 20.024 0.06 1.446 0.109 -0.058 0.191 1.486 0.066 116.47323414042773 -28.617211627354397 7.0450
9132 55.065 621.578 19.189 0.05 2.785 0.162 "" "" 1.3 0.056 116.47686165830602 -28.543750381985326 6.0843
7310 1082.29 285.588 18.932 0.05 1.131 0.076 0.361 0.108 1.429 0.058 116.3363219052573 -28.58539047463444 6.1423
8743 3974.48 705.772 19.348 0.026 1.329 0.049 "" "" 1.682 0.039 115.93928809358682 -28.5371988254489 6.2797
11236 1143.06 188.372 19.708 0.066 1.251 0.1 "" "" 1.384 0.076 116.32808345678303 -28.597218894186188 6.7683
13734 440.283 313.696 20.329 0.076 1.777 0.193 "" "" 1.716 0.081 116.42433632727459 -28.581390048150013 5.6596
13745 3982.18 741.221 20.519 0.035 1.614 0.104 "" "" 2.435 0.051 115.93819740782601 -28.53291344885354 5.1857
13749 409.53 442.901 20.212 0.063 1.378 0.102 "" "" 1.59 0.069 116.42842702739857 -28.565715971012466 9.8112
13886 1647.72 3737.4 20.388 0.045 1.264 0.089 "" "" 1.768 0.05 116.25539837627764 -28.167934710398935 5.8209
13920 845.37 545.952 20.312 0.073 1.539 0.115 "" "" 1.738 0.078 116.36855688215229 -28.553642642891457 6.3274
13950 1212.87 589.802 20.335 0.08 1.313 0.118 "" "" 1.703 0.083 116.3181165995585 -28.548674459616826 5.2193
14028 3695.55 585.037 20.276 0.04 1.068 0.073 "" "" 1.481 0.056 115.9776576343767 -28.551559381957375 7.1135
14150 677.117 372.95 20.354 0.067 1.932 0.164 "" "" 1.712 0.074 116.39179989885314 -28.574435119373955 9.2669
14186 482.348 1627.24 20.738 0.081 -0.306 0.14 "" "" 1.602 0.119 116.4172803678145 -28.422371546435595 8.1284
14190 3853.87 582.353 20.286 0.031 1.148 0.054 "" "" 1.52 0.053 115.95594896790726 -28.552031564668923 5.7529
14322 3867.28 412.596 20.483 0.04 1.568 0.122 "" "" 2.011 0.055 115.95427635270238 -28.572599978620264 5.1065
14532 4044.18 741.802 20.462 0.034 1.269 0.096 "" "" 1.869 0.05 115.9296944356116 -28.532900731191877 5.9966
14645 3592.4 2525.31 21.282 0.396 -0.332 0.513 "" "" "" "" 115.98990157802324 -28.31651500363673 18.2910
6182 3657.5 108.58 18.698 0.023 1.243 0.059 0.29 0.114 1.433 0.053 115.983342598247 -28.609218392547856 5.0857
2991 1888.53 4005.37 17.398 0.027 1.117 0.041 0.256 0.047 1.319 0.035 116.22211214255162 -28.135709967883596 5.3999
15102 3739.22 571.778 20.437 0.05 1.071 0.08 "" "" 1.527 0.066 115.97168192045532 -28.553205516057748 5.4842
15121 191.94 929.193 20.498 0.064 1.174 0.109 "" "" 1.65 0.069 116.45778975126414 -28.50662839032119 5.9917
15363 190.662 364.232 20.378 0.063 1.426 0.184 "" "" 1.42 0.07 116.4585187067928 -28.57503857184748 8.5335
8785 3769.75 958.65 19.338 0.029 1.154 0.045 0.536 0.099 1.584 0.04 115.96711601454057 -28.506387400829222 5.7949
15674 1002.82 15.384 20.571 0.072 1.589 0.14 "" "" 1.732 0.08 116.34748488218874 -28.6180357165935 5.4916
15702 3947.96 842.721 20.718 0.034 1.533 0.109 "" "" 2.235 0.052 115.94279070942301 -28.52059095907618 5.9585
15720 103.389 277.503 20.849 0.079 1.177 0.121 "" "" 2.002 0.081 116.47057193553921 -28.58545949368565 9.6204
8026 4001.26 51.926 19.151 0.028 1.209 0.053 "" "" 1.416 0.046 115.93625641317698 -28.616398212734655 7.9088
15860 2229.5 3824.93 20.66 0.039 1.302 0.104 "" "" 1.793 0.049 116.17552988345601 -28.157876494236742 5.3423
8494 549.563 7.411 19.067 0.059 1.408 0.082 0.198 0.104 1.324 0.064 116.40965033469064 -28.618579817921255 9.1183
16116 2789.4 3938.89 20.607 0.03 1.152 0.082 "" "" 1.726 0.089 116.09863601299323 -28.144597518162588 5.0254
16309 729.198 596.668 20.546 0.067 1.517 0.123 "" "" 1.536 0.072 116.38443848604808 -28.547393425959996 12.0770
3071 510.785 876.285 17.468 0.039 1.203 0.064 0.623 0.085 1.558 0.045 116.41411662659046 -28.5133314445067 5.2766
16880 3439.98 413.062 20.656 0.043 1.214 0.089 "" "" 1.509 0.063 116.01287390754169 -28.572146327732764 5.3338
17311 715.006 506.315 20.788 0.07 1.506 0.129 "" "" 1.734 0.08 116.38647326494018 -28.558321116406944 6.5073
17335 44.974 240.121 20.758 0.088 1.32 0.146 "" "" 1.592 0.09 116.47861934411218 -28.589931792861265 13.9346
13632 3164.92 4076.76 20.199 0.025 1.355 0.065 "" "" 1.593 0.08 116.0470037581082 -28.12825186828112 5.8756
17637 4032.92 693.194 20.847 0.04 1.047 0.08 "" "" 1.696 0.064 115.93128622048026 -28.53877622732082 5.9693
4645 3706.97 136.005 18.18 0.022 1.51 0.054 0.796 0.099 1.86 0.042 115.97653162544987 -28.60594347539898 5.2629
18194 191.124 478.877 20.827 0.067 1.327 0.137 "" "" 1.53 0.078 116.45834299106883 -28.56115658915371 5.5777
11382 1356.97 162.306 19.739 0.053 1.343 0.085 0.066 0.148 1.437 0.063 116.2987743420453 -28.600574090367914 6.2769
18378 4037.72 228.095 20.896 0.039 1.217 0.114 -0.248 0.422 1.551 0.065 115.93108379539787 -28.595099726652627 5.8614
18444 920.196 131.638 21.122 0.102 1.616 0.229 "" "" 1.882 0.107 116.35870163211007 -28.603881661747064 14.5564
7704 667.141 48.576 19.065 0.052 1.991 0.083 0.914 0.23 1.994 0.062 116.3934858692433 -28.613704432225767 7.3048
14384 319.521 731.451 20.378 0.069 1.491 0.12 "" "" 1.676 0.073 116.44048766258722 -28.530691654522574 6.1764
19030 3988.46 193.863 21.079 0.06 0.799 0.196 "" "" 1.682 0.088 115.9378726410101 -28.599199101566516 5.0913
15030 419.284 29.602 20.299 0.07 1.56 0.117 "" "" 1.484 0.08 116.4274944657383 -28.61577159144111 7.9069
19553 42.7 279.222 21.051 0.094 1.432 0.184 "" "" 1.587 0.097 116.47889286893445 -28.585194922081712 9.7232
19564 3604.86 84.298 21.14 0.059 0.947 0.225 "" "" 1.692 0.08 115.99058521033895 -28.612109775613366 5.4232
19685 3626.11 12.466 21.01 0.058 1.354 0.144 "" "" 1.481 0.082 115.98774148009932 -28.620827697504655 7.9999
15048 650.206 384.967 20.719 0.069 1.658 0.132 "" "" 2.046 0.074 116.3954785756797 -28.572954958935238 6.7907
20151 1384.33 166.381 21.649 0.076 -0.138 0.114 "" "" 1.82 0.103 116.29501832022233 -28.600106081026706 13.4489
20179 509.784 34.074 21.206 0.079 0.691 0.153 "" "" 1.531 0.099 116.41507931752909 -28.615314204833535 6.1070
20635 1262.36 114.566 22.32 0.171 -0.219 0.305 "" "" 2.708 0.17 116.31179552256424 -28.606266996934412 11.3191
9565 396.627 65.378 19.478 0.057 1.624 0.085 "" "" 1.694 0.063 116.43056648275177 -28.611418398076815 10.4144
6558 3305.26 336.489 18.9 0.033 1.588 0.061 "" "" 2.244 0.051 116.03142385223228 -28.581293347929698 6.0051
16183 3432.99 245.226 20.606 0.03 1.264 0.091 "" "" 1.632 0.055 116.01399697443125 -28.59246316290813 5.1259
21311 4013.98 593.278 21.424 0.06 0.993 0.226 "" "" 1.751 0.083 115.93398149118882 -28.550857491742732 5.2067
21397 1090.88 311.91 21.432 0.083 1.129 0.309 "" "" 1.723 0.103 116.33511811389369 -28.582211117733614 11.4470
21498 3135.58 1575.23 22.29 0.386 -0.116 0.44 "" "" "" "" 116.05347896687688 -28.431135933072373 10.5492
21698 3725.29 3198.67 21.717 0.051 -0.09 0.099 "" "" 1.675 0.08 115.97101770360226 -28.235101088705694 5.4014
14502 325.304 351.948 20.334 0.064 1.388 0.111 "" "" 1.612 0.073 116.44006654396632 -28.576651211345055 7.3925
12004 3939.79 55.464 20.032 0.037 1.427 0.117 "" "" 1.791 0.056 115.94468266668916 -28.615912651615165 8.1530
21831 158.595 87.868 21.728 0.094 0.137 0.164 "" "" 1.816 0.107 116.46318708541902 -28.608473797192655 9.4001
21978 197.945 122.154 21.735 0.093 0.697 0.197 "" "" 1.942 0.104 116.45775719997602 -28.604358670951374 7.8132
22186 3273.28 381.036 21.641 0.071 -0.364 0.319 "" "" 1.664 0.086 116.03576578766649 -28.57586940365449 13.7181
22229 2236.79 130.271 21.521 0.101 0.724 0.427 "" "" 1.555 0.116 116.17815115716664 -28.60527111252768 9.5169
22235 3154.93 3371.26 20.38 0.577 2.537 0.705 "" "" "" "" 116.04906517517841 -28.213671878766323 19.2328
22243 3142.15 1575.4 21.966 0.246 0.304 0.321 "" "" "" "" 116.05257781984086 -28.4311214552433 8.4430
22264 997.441 365.627 22.127 0.127 -0.46 0.249 "" "" 2.193 0.134 116.34787927464491 -28.575619641271395 15.6321
22310 1989.18 48.515 21.458 0.105 1.449 0.625 "" "" 1.481 0.118 116.21218741138455 -28.614940800638262 8.5191
12601 48.12 538.946 19.949 0.06 1.492 0.107 "" "" 1.462 0.066 116.47789504896727 -28.553749870124285 6.6839
22366 1757.95 1166.51 22.017 0.125 -0.015 0.173 "" "" 1.948 0.131 116.24280155630258 -28.479347353106785 14.2245
18270 602.692 312.021 20.865 0.068 1.458 0.141 "" "" 1.588 0.074 116.40206592474532 -28.581743851798286 10.2601
22430 681.59 601.674 21.535 0.1 1.348 0.234 "" "" 1.584 0.109 116.39096232812732 -28.546742990358112 11.3293
22648 1463.32 643.058 21.832 0.126 0.919 0.221 "" "" 1.865 0.131 116.28371881218072 -28.542458488813182 29.3709
22760 3018.33 1033.87 21.879 0.126 0.489 0.63 "" "" 1.886 0.136 116.0700886735534 -28.496580450557836 18.8583
22823 2103.69 560.157 21.736 0.097 0.991 0.17 "" "" 1.747 0.117 116.19598258151454 -28.553092301372676 8.8908
22998 3124.1 1574.93 22.041 0.164 -0.075 0.27 "" "" 1.87 0.167 116.05505357676832 -28.43116158826751 9.0953
9047 487.838 260.958 19.303 0.057 1.565 0.081 "" "" 1.593 0.064 116.41786653365679 -28.58782032281511 5.6599
23069 2949.52 2512.98 22.042 0.567 0.578 0.656 "" "" "" "" 116.0780753510698 -28.317410420349166 15.7249
23180 2865.87 1233.82 21.762 0.105 0.872 0.192 "" "" 1.562 0.124 116.09080039308166 -28.47222669090017 16.7352
23266 1309.15 3947.69 22.039 0.121 1.816 0.495 "" "" 1.983 0.13 116.30162225527855 -28.14215586582164 11.0037
23480 4089.75 3488.19 21.68 0.472 1.658 0.596 "" "" 1.457 0.451 115.92075354139602 -28.20038179384719 18.0775
23484 2945.27 164.035 21.877 0.089 1.362 0.444 "" "" 1.727 0.127 116.08096028678624 -28.60184122604765 16.2135
23512 42.677 548.159 22.313 0.14 0.22 0.263 "" "" 2.086 0.147 116.4786324483484 -28.552629204134366 5.0707
23542 3841.6 2820.84 20.434 0.497 1.764 0.769 "" "" 0.198 0.472 115.95543776672372 -28.28096080834791 14.2276
23624 239.965 2858.12 22.319 0.15 0.953 0.336 "" "" 2.046 0.15 116.44931335108566 -28.27309843793361 8.6390
23700 3997.62 3412.59 22.105 0.126 0.658 0.248 "" "" 1.755 0.14 115.93346193030641 -28.20945058518646 6.8007
12546 4008.51 1047.78 20.042 0.029 1.343 0.076 -0.258 0.148 1.572 0.045 115.93428618278357 -28.495816564842293 12.0893
23845 1469.12 295.083 22.589 0.193 0.147 0.653 "" "" 2.116 0.19 116.28326446288816 -28.584600322409678 8.1135
23882 2294.7 998.701 22.114 0.15 1.008 0.317 "" "" 1.562 0.175 116.16935852418428 -28.5001663854844 9.9813
1706 3774.13 472.517 16.666 0.018 1.021 0.043 0.112 0.059 1.206 0.034 115.9669918009864 -28.56525752579726 5.7969
154 2232.35 2150.38 14.159 0.021 0.434 0.033 0.051 0.031 -0.054 0.033 116.17678020858288 -28.360651120652573 0.5445
187 593.239 431.5 14.012 0.042 1.024 0.06 0.393 0.061 1.092 0.056 116.40324517017596 -28.567267300880896 3.0518
192 3718.45 49.982 14.221 0.03 0.884 0.047 -0.042 0.055 0.699 0.054 115.97504161737636 -28.616370709262217 1.2804
238 987.939 766.123 14.564 0.026 0.548 0.039 0.678 0.042 "" "" 116.34878982587466 -28.527114575860637 0.6474
292 1001.12 825.467 14.557 0.05 0.848 0.064 0.338 0.05 1.238 0.055 116.34692408171834 -28.519940838674028 1.1556
303 1514.63 337.556 13.777 0.046 2.139 0.061 1.241 0.056 2.747 0.064 116.27698179882586 -28.579499555233657 1.4375
311 2393.61 1491.99 14.658 0.025 0.709 0.033 0.441 0.035 1.009 0.031 116.15531099562902 -28.440525756922437 0.2303
442 2158.54 3218.15 15.195 0.032 0.724 0.037 0.235 0.035 0.974 0.044 116.18585570209433 -28.231285779243564 1.4681
447 2336.92 2872.64 15.229 0.023 0.755 0.031 0.198 0.034 "" "" 116.16173208735377 -28.273289557187102 0.7520
509 474.932 918.077 15.075 0.028 0.796 0.06 1.515 0.112 1.1 0.045 116.41899238799698 -28.50823750397887 1.3243
526 3440.43 69.275 15.309 0.024 0.657 0.043 0.276 0.05 0.886 0.046 116.0131491288333 -28.613776061196308 1.4742
531 3621.84 4059.94 15.405 0.033 0.759 0.048 -0.133 0.042 0.793 0.041 115.98436027681942 -28.130713367111685 0.3598
598 3678.41 2899.2 15.478 0.028 0.855 0.048 -0.048 0.047 0.999 0.043 115.9777401161125 -28.271320459164897 0.9821
628 2418.95 1813.87 15.51 0.026 0.642 0.036 0.304 0.035 1.042 0.033 116.15152051924356 -28.401572726141513 0.2603
636 359.115 1860.52 15.333 0.05 0.893 0.073 0.411 0.065 1.212 0.054 116.4339513617984 -28.3940090125349 1.1746
702 3793.79 978.007 15.743 0.024 0.792 0.034 0.11 0.03 1.143 0.04 115.96380030537954 -28.504065801251592 2.3418
819 3400.98 667.952 15.816 0.022 0.854 0.034 0.177 0.04 1.137 0.038 116.01797238538887 -28.5412453335894 1.2735
861 3173.37 105.131 15.856 0.021 0.961 0.049 0.085 0.061 1.194 0.05 116.04973740213956 -28.609185980899074 0.1853
869 1389.42 3993.96 14.971 0.05 2.886 0.112 -0.084 0.134 0.559 0.071 116.29056903893556 -28.136627631564366 2.1668
880 2290.24 2571.62 15.367 0.019 2.153 0.031 1.261 0.043 2.726 0.034 116.16842859185299 -28.30969680373265 0.7985
902 491.121 154.923 15.84 0.041 0.981 0.053 0.106 0.048 0.915 0.057 116.41752023849818 -28.600663198312503 3.0478
925 3622.8 1913.18 16.14 0.02 0.658 0.029 0.102 0.028 1.134 0.034 115.98633258276777 -28.390666347799222 1.1144
967 82.872 129.782 15.955 0.041 1.022 0.059 0.245 0.058 "" "" 116.47353032079988 -28.60332802004501 2.8853
1011 626.024 4037.35 15.916 0.035 0.826 0.044 1.674 0.238 0.962 0.04 116.39521522839 -28.13066385661133 1.1429
1029 2916.04 118.434 16.029 0.022 1.086 0.056 0.095 0.067 1.153 0.051 116.08501345006744 -28.607335898149824 0.9777
1035 3956.01 2012.25 16.151 0.018 0.816 0.036 0.275 0.046 0.224 0.12 115.94054055848764 -28.378979674704894 0.7825
1063 3411.33 1631.44 16.328 0.023 0.616 0.029 0.333 0.029 1.122 0.042 116.01560875551444 -28.424585780299353 0.6030
1093 3572.22 1589.27 17.2 0.159 -0.174 0.201 -0.178 0.169 "" "" 115.99358634942968 -28.429841728770256 2.4568
1179 715.764 1488.05 15.805 0.032 2.202 0.052 0.712 0.062 3.743 0.056 116.3854071558844 -28.439443109240287 0.5862
1204 3168.07 1170.2 16.321 0.022 0.854 0.029 0.265 0.033 1.372 0.036 116.04942038770338 -28.48021139238182 0.6343
1232 1541.87 3610.0 16.182 0.026 1.037 0.037 0.255 0.038 1.265 0.034 116.27003903181324 -28.18326323167201 0.6137
1273 2734.84 260.613 16.021 0.026 1.523 0.051 0.889 0.062 1.832 0.044 116.10972306381177 -28.58995093661839 0.9218
1296 591.297 893.9 16.415 0.038 0.194 0.059 1.295 0.069 1.318 0.045 116.40305830710146 -28.511273281443597 1.2298
1341 3699.8 299.412 16.29 0.017 1.278 0.036 0.27 0.051 1.35 0.045 115.97735473834194 -28.586149786440707 1.9018
1473 538.426 177.42 15.947 0.041 2.791 0.098 0.344 0.173 0.945 0.061 116.41101099386266 -28.59798300218757 2.9391
1489 2059.8 3967.53 15.64 0.028 2.113 0.04 1.11 0.044 2.46 0.08 116.19866202601095 -28.140451244160538 2.0933
1492 90.559 931.571 16.388 0.031 1.069 0.065 1.551 0.226 1.085 0.049 116.47169035774574 -28.50624619239716 1.8573
1515 3867.07 782.009 16.488 0.019 1.017 0.03 0.398 0.037 1.369 0.035 115.95394310383699 -28.527867404942906 1.0848
1569 878.261 786.056 16.526 0.033 0.753 0.047 0.496 0.053 1.086 0.041 116.36381104086716 -28.52459892248266 1.6841
1643 3501.96 1264.82 16.296 0.025 1.421 0.033 0.911 0.031 2.543 0.039 116.00353947253559 -28.469064203829692 1.2692
1644 245.657 1503.02 16.555 0.036 0.91 0.069 0.392 0.09 1.129 0.052 116.44986085650741 -28.43719336892317 1.6500
1693 3672.99 321.661 16.586 0.019 1.096 0.044 0.596 0.062 1.161 0.04 115.98100953649447 -28.583430722628403 2.0308
11285 3779.67 477.583 20.034 0.044 0.531 0.372 -0.476 0.589 1.924 0.059 115.96622710516591 -28.564649231731057 0.6818
1798 1972.84 476.243 16.515 0.034 1.42 0.049 1.001 0.055 1.847 0.043 116.2140090063367 -28.563131843999418 0.9915
1870 3404.49 35.77 16.809 0.022 1.028 0.047 0.175 0.061 1.156 0.046 116.01811061669461 -28.61779978578619 1.3758
1877 2902.64 2708.89 16.672 0.02 1.0 0.03 0.857 0.037 1.147 0.03 116.08431226089175 -28.29364401434395 0.4423
1878 3352.52 794.167 16.828 0.024 1.007 0.034 0.254 0.037 1.478 0.038 116.02449427470793 -28.525916856212405 0.9911
17928 3705.45 423.079 20.87 0.055 1.075 0.106 "" "" 1.624 0.072 115.97645872138182 -28.571180148722593 2.1967
2017 3787.1 1457.99 16.587 0.024 1.503 0.037 1.267 0.045 1.821 0.036 115.96424732938175 -28.445938235017522 1.8547
2047 503.935 174.999 16.798 0.045 1.113 0.057 0.338 0.056 1.138 0.057 116.41574330812192 -28.59824409890456 1.1068
2185 3796.96 658.21 17.035 0.018 0.986 0.031 0.406 0.044 1.334 0.034 115.96367900636545 -28.54279310387742 2.2990
2234 3212.81 933.158 17.147 0.035 0.886 0.043 0.249 0.039 1.387 0.045 116.04351725978839 -28.508956500524224 0.5264
2318 1130.87 1079.58 16.944 0.042 1.435 0.051 0.861 0.054 1.896 0.047 116.32888170055188 -28.48929080363703 1.1052
2350 817.425 987.502 17.089 0.04 0.886 0.054 0.48 0.056 1.293 0.045 116.37195638851355 -28.50014918621528 1.4648
2363 1207.73 595.58 17.056 0.04 1.036 0.052 0.418 0.051 1.353 0.045 116.31881581338435 -28.547970020920875 1.5633
2369 413.698 771.718 16.936 0.034 1.03 0.061 1.709 0.092 1.203 0.043 116.42753318574925 -28.525903254206636 2.3140
2430 938.992 366.141 17.07 0.042 1.076 0.06 0.304 0.065 1.232 0.051 116.35589420542884 -28.575503065962256 2.2774
2440 3632.36 22.893 17.116 0.025 1.303 0.049 0.121 0.069 1.397 0.044 115.98687416394546 -28.619570897675086 2.6738
2458 4080.64 469.999 17.22 0.014 1.041 0.044 0.233 0.06 1.27 0.034 115.9249608577822 -28.56584736654051 2.1899
2459 212.204 381.244 17.114 0.04 0.97 0.059 0.324 0.062 1.06 0.052 116.45554786042663 -28.572998607156563 2.1335
2495 884.746 571.697 16.974 0.041 1.834 0.058 1.315 0.08 2.148 0.051 116.36313180188773 -28.550561774169775 2.0576
2681 3643.47 2508.0 17.346 0.015 0.867 0.03 0.246 0.043 1.295 0.023 115.98291503141483 -28.318658554183745 0.0645
2764 3853.2 673.865 17.331 0.019 1.064 0.037 0.418 0.049 1.34 0.035 115.95595116135651 -28.540949714537806 0.5696
2767 1176.46 473.741 17.294 0.043 1.133 0.057 0.377 0.06 1.483 0.049 116.32322345104605 -28.562694488703837 1.8210
2796 145.837 157.858 17.248 0.04 1.203 0.058 0.101 0.062 1.21 0.051 116.4648680660189 -28.59998681812661 2.6636
2832 4082.1 82.607 17.377 0.025 1.044 0.05 0.186 0.064 1.173 0.044 115.92514030775557 -28.61275818704531 0.9708
2866 1589.45 3231.1 17.297 0.027 0.944 0.04 0.427 0.045 1.236 0.029 116.26388546850927 -28.229188625913906 1.1396
2969 3920.97 1189.83 17.494 0.021 0.979 0.033 0.27 0.037 1.381 0.036 115.94615180930832 -28.478534291335276 2.1733
20437 3394.85 1201.24 20.853 0.067 1.179 0.128 "" "" 0.889 0.083 116.01829037133568 -28.47666356264689 1.1862
14953 1887.51 3997.81 20.603 0.039 1.34 0.084 "" "" 1.9 0.045 116.22225943005344 -28.136624463319823 2.0724
3004 3752.32 1498.14 17.537 0.023 0.919 0.036 0.236 0.051 1.404 0.034 115.96897755362603 -28.44104412244579 1.1366
3038 384.988 901.303 17.55 0.037 1.588 0.073 1.175 0.09 2.365 0.046 116.43134334556423 -28.51018506190138 0.5552
16445 508.414 882.87 20.416 0.07 1.848 0.188 "" "" 1.273 0.086 116.41443532122713 -28.512531859927606 1.7947
3077 3111.81 156.831 17.34 0.025 1.553 0.05 0.836 0.066 1.975 0.045 116.05812879614466 -28.60286837889776 1.7379
3136 117.032 226.352 17.31 0.042 1.981 0.071 -0.756 0.074 1.358 0.061 116.46875112662433 -28.59166607287508 2.5065
3170 1594.19 471.907 17.567 0.041 0.847 0.055 0.338 0.058 1.197 0.048 116.26593962394305 -28.563304894920968 0.7570
3267 4072.79 241.509 17.702 0.022 0.836 0.039 0.258 0.058 1.171 0.045 115.92626130585518 -28.593508021099996 2.0621
3279 3230.77 529.724 17.658 0.025 0.985 0.045 0.235 0.06 1.387 0.042 116.04144969567386 -28.557825192263078 1.1602
3300 1494.95 1316.79 17.646 0.033 1.334 0.05 1.144 0.075 1.797 0.037 116.27872091684499 -28.460905395840584 0.7749
3311 3611.53 85.78 17.631 0.022 1.078 0.045 0.275 0.06 1.323 0.044 115.98966906390982 -28.611936520103207 1.5840
3411 3914.07 1812.71 17.716 0.019 1.01 0.038 0.249 0.046 1.475 0.03 115.94648758397467 -28.40310307092325 0.9382
3423 3153.39 3677.35 17.588 0.02 1.115 0.032 0.552 0.044 1.207 0.031 116.04897637697829 -28.176605877909587 1.1609
3441 2210.65 3682.11 17.601 0.02 1.249 0.03 1.174 0.058 1.546 0.03 116.17825486051017 -28.17515310606749 1.5353
3455 620.496 1336.02 17.59 0.042 0.754 0.062 0.517 0.065 1.197 0.044 116.39862078215788 -28.457763924909823 0.4079
3498 674.541 381.847 17.446 0.04 1.457 0.059 1.13 0.085 1.344 0.05 116.39214444037191 -28.573355383153956 2.3615
3509 1124.85 971.865 17.687 0.051 1.017 0.061 0.412 0.054 1.404 0.054 116.3298128237224 -28.50232846288386 0.5321
3834 3815.94 996.692 17.898 0.023 0.948 0.035 0.351 0.047 1.403 0.036 115.96074444096945 -28.50182381747726 1.0939
3896 308.107 167.077 17.675 0.045 1.316 0.06 0.347 0.068 1.26 0.054 116.44260604854209 -28.599021333431015 2.8566
4047 3243.79 3353.82 17.907 0.018 1.186 0.026 0.439 0.045 1.546 0.026 116.03689640433652 -28.215866301065862 0.9798
4097 266.514 51.942 17.815 0.04 1.286 0.055 0.039 0.059 1.236 0.049 116.44842276593991 -28.612924414607825 2.3041
4107 940.435 3620.2 18.214 0.036 1.62 0.069 1.162 0.108 2.103 0.04 116.35250714208229 -28.181469008755354 1.1884
4115 2386.36 3858.8 17.943 0.02 1.122 0.032 0.438 0.054 1.409 0.032 116.15398560970397 -28.15392098019339 1.5504
4353 3157.9 627.39 18.123 0.031 0.964 0.05 0.156 0.104 1.416 0.046 116.05134704302169 -28.54593103372633 1.2501
4448 3929.59 1336.0 18.229 0.024 0.881 0.038 0.149 0.041 1.364 0.038 115.94482644551115 -28.46084251664934 1.9299
18094 3713.63 136.614 21.525 0.074 0.027 0.324 "" "" 2.549 0.086 115.97561770596938 -28.605875922536786 1.8372
4863 3297.2 3258.05 18.226 0.016 1.213 0.029 0.981 0.068 1.428 0.026 116.02966585618739 -28.227512781921615 1.2772
4908 3737.01 1613.97 18.336 0.028 1.022 0.041 0.385 0.068 1.567 0.036 115.97096357809322 -28.427003985770767 1.3002
5096 3276.27 909.443 18.308 0.032 1.122 0.043 1.08 0.071 1.604 0.045 116.03483788126711 -28.511887153145057 1.3883
5365 351.522 761.081 18.402 0.044 1.253 0.073 1.644 0.163 1.528 0.05 116.43607014931162 -28.527133493605653 2.7085
5382 2491.0 3645.8 18.454 0.02 1.096 0.031 0.365 0.061 1.453 0.036 116.13984450097107 -28.179810515948436 1.9118
5384 308.515 9.535 18.225 0.046 1.588 0.1 -0.338 0.109 1.111 0.053 116.44270449803861 -28.61809854099714 3.2787
5391 3971.95 37.145 18.326 0.032 1.341 0.047 0.865 0.105 1.464 0.05 115.94029034181611 -28.618160803461954 2.6659
5637 1630.3 751.856 18.505 0.049 1.068 0.068 0.332 0.074 1.459 0.054 116.26071329285384 -28.529439318806627 0.9650
21755 2516.51 3493.03 21.572 0.065 -0.034 0.28 "" "" "" "" 116.1364958975665 -28.19833321508323 1.7102
6487 150.364 96.199 18.607 0.044 1.479 0.075 0.321 0.084 1.473 0.052 116.46430768306897 -28.607457341205407 0.7483
21007 3313.4 340.849 21.758 0.098 0.74 0.632 "" "" 2.261 0.108 116.03030329595953 -28.58077296069441 2.0160
18459 660.768 56.968 22.046 0.098 0.006 0.196 "" "" 2.975 0.104 116.39435160929662 -28.612682316939477 1.4042
13241 598.883 3891.16 20.167 0.047 0.971 0.087 "" "" 1.391 0.076 116.39908049892125 -28.148340835781912 1.3921
15435 104.761 1149.04 20.642 0.062 1.483 0.144 "" "" 1.861 0.072 116.4695296260463 -28.47992598033863 2.0057
15739 641.048 99.537 20.58 0.078 1.613 0.189 "" "" 1.691 0.088 116.39701420170604 -28.607509286561747 1.7848
16498 373.773 190.748 20.533 0.071 1.449 0.128 "" "" 1.481 0.082 116.43357770786655 -28.596216045729207 3.5353
19524 277.342 587.625 20.987 0.099 1.635 0.188 "" "" 1.548 0.104 116.44641286033925 -28.548068396431137 1.2122
5595 3434.98 68.282 18.525 0.032 1.202 0.116 "" "" 1.354 0.054 116.01389749066713 -28.61389123761226 4.5787
7608 2916.04 113.985 19.183 0.06 0.982 0.165 "" "" 1.683 0.093 116.08501781035945 -28.607874629466167 3.3139
8171 3616.88 1912.34 19.396 0.029 1.377 0.092 "" "" 1.95 0.04 115.9871452483509 -28.39076256046248 4.1253
13007 3790.76 659.979 20.109 0.045 1.091 0.112 "" "" 1.446 0.069 115.96452751291717 -28.542573131321696 4.8169
13081 3347.16 792.747 20.208 0.06 1.747 0.203 "" "" 1.77 0.076 116.02523071283026 -28.526083821906305 4.0427
1918 3696.99 416.177 16.897 0.019 0.922 0.033 0.209 0.05 1.273 0.037 115.97762565233927 -28.5720080503516 3.9416
2983 3388.77 1199.42 17.243 0.027 1.422 0.036 0.823 0.042 1.878 0.037 116.01912593906337 -28.47687829519232 4.1962
22514 1850.99 237.907 21.976 0.114 0.353 0.2 "" "" 2.035 0.123 116.23095255439931 -28.59187877927246 3.7596
