# Binary systems ID's begin with a '2'
ID Gmag (Umag-Bmag) e_Gmag e_(Umag-Bmag) M_ini1 M_ini2
20 14.697869538895183 0.1395381455154244 0.002766541807653479 0.03041129653659347 2.635411882360932 2.469156665036389
21 13.498638398708492 0.1289961247381906 0.002763883084712659 0.028657138927598854 3.444965198089297 2.9652886706033623
12 15.999926543400013 0.31310804373262746 0.0027802659872700397 0.03548854012101562 2.243671807987421 -99.0
23 14.358851645714697 0.14833436817278658 0.0027653649251402697 0.02974069336942678 3.005128417435398 2.615145966439988
24 17.39545351849501 0.3843878580820951 0.002859171607019903 0.05114549784046171 1.4730760139732444 1.118116078986276
25 17.606818405669987 0.41868529837096236 0.002887802104372133 0.055373148074112186 1.3816186282276943 1.314314664986009
26 15.469593046558387 0.32831922357105686 0.002772021324731272 0.032792662594957445 2.244619369495647 2.1551617531554976
27 14.694122342751639 0.18625758783325688 0.0027665259259695616 0.03040287494503549 2.6395559121784897 2.5027452782035193
18 16.238773662500456 0.3561265985640033 0.002786150460627788 0.03711749270451886 2.0992105510163643 -99.0
29 16.1224614104027 0.4089815623227268 0.0027830683352445826 0.036286377731864765 1.929110113404439 1.6833163641609483
210 15.497235402991898 0.32515636166077644 0.0027723309181830005 0.03290737997531021 2.249065845938819 2.028251725333313
211 15.890303674807575 0.38041760038552097 0.002778093935843086 0.03483652547929692 2.0365412147653004 1.9406826566833613
212 15.599111025359182 0.347405910621176 0.0027735676016951796 0.03335215034904367 2.2110789447344894 1.8147992307634544
113 17.58665575056216 0.4178556151107821 0.002884737597100972 0.05493917096085106 1.5312367348502267 -99.0
114 15.540962278304836 0.2639156509553951 0.002772842743136283 0.03309396902705393 2.4879461774545635 -99.0
215 17.28575056552896 0.41787443645533706 0.0028470075172083117 0.04921075673201051 1.533025993056465 1.1185140431878078
216 16.327256971393027 0.4427099934498056 0.002788810008745349 0.037802148515842494 1.8167551878109716 1.6009263586052855
217 14.63366748811939 0.1679798751883187 0.0027662795958448886 0.030270349229803043 2.7517534069423255 2.096750242009671
218 15.248876973761604 0.2734859915336837 0.0027698940719444076 0.0319601159345198 2.317056667358212 2.1356963764334687
219 15.509315303834983 0.3723093504088209 0.0027724695641798847 0.03295829302591733 2.2875672231445576 1.8025947228922354
120 14.964783952024142 0.12114049631280202 0.0027678847330988837 0.03107905514014986 2.890155805877893 -99.0
221 16.794516344546256 0.4853287855596497 0.0028088644255205076 0.042315219178729054 1.6564096070302388 1.4147398856119793
222 13.299441131952875 0.16097024081683683 0.002763712287678798 0.028493950973875037 3.5242158819970695 3.046708521111677
123 16.853605731130255 0.5009272745279357 0.002812326229033184 0.043011991840494805 1.7914786052109646 -99.0
224 13.786059592358283 0.11775314483659732 0.002764216737818094 0.0289420426853805 3.3153879910334036 2.6935875395577162
225 14.513361828412739 0.15915158375285618 0.0027658408303983155 0.030024481761508588 2.7822745815708334 2.7387978348124773
226 17.262893790108023 0.4183358165030967 0.0028446738587582497 0.048828044105926685 1.5270308553831087 1.1537743917522676
227 14.662528446956212 0.19128908408084616 0.002766394902185372 0.03033283845732821 2.749315159824529 2.059773195976951
128 16.616542118514367 0.4157003798172075 0.0027998403885700425 0.04040029053927921 1.9096225297508407 -99.0
229 13.966715781058392 0.11090387507938126 0.0027644957890158883 0.02915665352928236 3.1835191382557713 2.7590891808529503
130 15.719042546155755 0.2716327090550886 0.0027752374199209472 0.03392304762986803 2.361678781230235 -99.0
231 17.41085084323444 0.2663932612581481 0.0028610145181491285 0.05143052024226023 1.445053587094393 1.3316805953756752
132 14.877426006971 0.07724818110557684 0.0027673956907254688 0.03084505242518652 2.9527199432330167 -99.0
233 16.898751797673114 0.3885204259638451 0.0028151465892176267 0.043566381763023604 1.592254099533346 1.337053559236705
234 15.475834153373317 0.2920525716827063 0.0027720903047781086 0.03281834810164873 2.2461018487139532 2.1128492656734235
235 14.425431489173503 0.11656771350924519 0.002765558927992642 0.029858805609250944 2.9690206902058662 2.4150535672582043
236 14.736226530297762 0.14819995354278853 0.002766708669632647 0.030498929908809903 2.717076416488216 2.343084555364959
237 16.94875429281033 0.3357507285554756 0.00281845931770988 0.04420359531208463 1.5804275821008156 1.3664778348169182
238 17.126533806385876 0.42975809715981317 0.0028320398217972767 0.04668113233064924 1.5031103883042967 1.4310151746057205
139 16.355278106071093 0.3862934823556781 0.002789714610847301 0.03802899088756437 2.0506844721123887 -99.0
240 15.250152880270713 0.2815359441980658 0.00276990477873872 0.03196452903750352 2.399341155323523 1.975248684002739
241 16.077683447840016 0.39890975203549384 0.002781994828829966 0.03598595854502736 1.9490625376995607 1.5336895481897672
242 16.239177127530446 0.46616653788764806 0.0027861619404215216 0.0371205087203285 1.889123841846043 1.3876470316782283
243 16.331224230668113 0.4606056477909319 0.002788936190216167 0.037833965006422214 1.7240684617990323 1.6937812741844476
244 15.490909760284605 0.4012308654831778 0.0027722591365049415 0.032880909834889935 2.2632965638041593 1.7986001041788215
245 15.824000000980861 0.3839435572414547 0.0027769159125682653 0.03446834989203809 2.079363696489323 1.7781194638755422
246 14.754386409353724 0.1741238432919689 0.0027667904669515376 0.030541341476475598 2.7335952993421984 2.0458681068273954
247 15.404652333737765 0.3351274663645698 0.002771334225279321 0.032532676460446955 2.230379691724922 2.0062375742578142
248 17.52848597767586 0.3399440977423348 0.0028763119793622075 0.053724662649343474 1.4202039359267435 1.1433102173679963
149 16.772475929810565 0.41045521954962627 0.002807636450101782 0.04206342447512866 1.828945304745475 -99.0
250 14.768981093333222 0.13879368899981026 0.0027668575472168462 0.03057586417159593 2.621235378558007 2.235443295632953
251 17.021254497515635 0.29571841011723904 0.0028236405868421054 0.04517272559947369 1.6284023416631033 1.295510024773293
152 15.676898533786442 0.20478917309131714 0.0027746222870231162 0.03371632947429451 2.3885615726165175 -99.0
253 16.075835552976997 0.38994455990850274 0.0027819517892351373 0.03597378456428016 1.9485722119694648 1.515297436056185
154 13.111660298754574 1.1240859199456925 0.002763585514083004 0.028361652021649208 3.7266486223513127 -99.0
255 14.01413318557373 0.16529980942725625 0.0027645799378745737 0.02921816810279303 3.126230425270309 2.986159111942619
256 15.450904110502309 0.3380960429299907 0.0027718179136803204 0.03271649013300802 2.2684168369023934 1.768037826391461
157 16.519596815628088 0.4235039089997743 0.0027956976519932395 0.039463635760930274 1.9590219969477816 -99.0
258 17.202655163175972 0.39601522817235535 0.002838829779776359 0.047851453038406405 1.5184209487182516 1.3208196997281196
159 16.14323970539486 0.3661571737337656 0.0027835869846109113 0.03642938027323173 2.173191745040702 -99.0
260 15.606168029776345 0.3903747636914072 0.0027736591635448295 0.03338428671583818 2.152636778252206 2.054042571785078
161 14.616762399888811 0.13094080266637037 0.0027662139388565424 0.030234393736819805 3.1056168791623007 -99.0
262 14.883682264544289 0.21104844663088024 0.0027674289886251043 0.030861286693567233 2.544770995823655 2.108472919480329
263 14.565249832419845 0.1336478484038439 0.0027660221125294887 0.030127705815470602 2.8092626248070274 2.3099874541494136
264 14.747998468782065 0.24089462170238699 0.0027667614846063606 0.030526354290312575 2.7201875882767337 2.295956163636874
265 16.486663229828416 0.4610326548737684 0.0027943993757807827 0.03916119966775515 1.6810049773473597 1.5404014813532698
166 17.000482127219513 0.4366042427217877 0.002822108401032351 0.0448894397038891 1.7224265898180922 -99.0
267 17.36947830425225 0.31496404936936595 0.0028561409010673753 0.05067234639439404 1.455986922885859 1.3016084912068213
268 16.084511088203108 0.4193222873548559 0.002782154706389453 0.03603109150225606 1.8657344729761736 1.6394972417322429
269 14.754604188795298 0.15885094578519574 0.0027667914590585882 0.03054185373939244 2.7353213473132993 2.0136729035637706
270 15.481037156757242 0.3258865606421891 0.0027721482186107136 0.03283985689694215 2.27291983319402 1.7324153617642786
271 17.594502684754364 0.29519006143422943 0.0028859211923666934 0.0551072572631911 1.3291781709894315 1.2573055755515306
272 16.38216982487218 0.3889322602034499 0.0027906126672605385 0.03825139558961907 1.789774426148615 1.3923530190158242
273 15.2847662961988 0.2591804893757861 0.0027702017642280323 0.03208593860286345 2.310486252797145 2.1541109282353723
274 17.426308178036 0.27631505606149925 0.002862900171475513 0.05172011248713297 1.4408099004993082 1.3259835418227224
275 17.12449075920576 0.3833326091081144 0.002831866228142422 0.046650667907865304 1.5034004031008115 1.4332673866463503
176 15.467539897431223 0.2348986064204206 0.0027719987481170903 0.03278424004111658 2.539401700020564 -99.0
177 16.70946985017069 0.41894728666344644 0.002804304805815279 0.0413670172128789 1.8578263592191706 -99.0
178 15.28570542489312 0.1616999187202798 0.0027702100001047174 0.03208927850352258 2.6381589742772524 -99.0
279 14.738760438289821 0.19499264813957903 0.002766719973336901 0.03050481178372636 2.6766480712828518 2.4813015850615168
180 17.548212185123074 0.38468602715372224 0.002879101719902871 0.05413036893513805 1.5428087162510624 -99.0
281 15.445351377663842 0.32827267516279535 0.0027717583759909823 0.03269407111373977 2.2403016908051607 2.158413034163896
282 16.494770483348113 0.4043886640363726 0.002794714093426058 0.039234932038035235 1.712589241387413 1.5479665337394333
283 15.987600398113381 0.3856750493726802 0.0027800068429348376 0.03541241826149699 2.003420668386087 1.8085620645200247
184 17.762400717705322 0.42503716512816614 0.002914197174867506 0.05896125178592838 1.476290915663548 -99.0
185 16.47480844084141 0.42822084594061594 0.0027939448128266532 0.03905421960862329 1.9850254050822758 -99.0
286 16.98670513978384 0.46674339899964457 0.0028211136489485686 0.04470406646446126 1.564272560332107 1.2016078698191421
287 15.804837235773642 0.3828526557939019 0.0027765930176865913 0.03436543550862179 2.099322007621643 1.7491583879433636
288 16.946527439504877 0.4281802770740689 0.0028183073961672678 0.044174685982570135 1.5709738782734461 1.4425089490366247
289 14.108237810565424 0.10994221474830064 0.002764762254744099 0.02934718895446939 3.0932877070899076 2.930382795255325
190 13.263060623845721 1.1922899977330557 0.0027636853796449905 0.02846678606090228 3.7127464344178223 -99.0
191 17.28307938110878 0.3704595301293807 0.0028467313824354135 0.0491656781639586 1.6331151647426978 -99.0
292 17.116313230006508 0.32521675805610234 0.0028311757650100167 0.04652921477990331 1.5016564700825303 1.419724260609248
293 18.25313116381944 0.3059557197544218 0.00303995816501647 0.07359770743114327 1.2384573130790275 1.1206854442840304
194 15.362501918929823 0.1750575078811978 0.0027709168370957994 0.03237083288627685 2.6007974510662653 -99.0
195 16.47612924216739 0.42252777313755957 0.002793995129406125 0.03906608995315253 1.9840291443344986 -99.0
296 16.268600178470926 0.40205411835367766 0.002787014711171227 0.0373430289986382 1.8955090849147391 1.4021807805045363
297 16.97575059678511 0.43119569473266456 0.0028203346700818904 0.04455808311091526 1.5652950264440788 1.1895748028272715
298 15.593770101495652 0.33392885477198453 0.002773498833485205 0.03332794587608833 2.150697416216952 2.069215554493565
299 14.696688870462822 0.13466516375703344 0.002766536795717989 0.030408640404632786 2.635607278792535 2.4711554851369013
2100 16.130878479816108 0.4384601987721635 0.0027832768335328832 0.03634402783558838 1.8747982368916447 1.5247602786218437
2101 14.874027336291123 0.21608310146899182 0.0027673777093325308 0.030836266370388627 2.5492932305791856 2.0981246142114283
1102 18.07583369450301 0.37477720583324553 0.002985552339051909 0.0676546198559825 1.383248125007763 -99.0
2103 18.284285860213362 0.40367305440176704 0.0030508095651056296 0.07472946929602509 1.212037379662947 1.093251021995963
2104 18.39913809598902 0.35435476257418097 0.0030946185912073677 0.07914720620325585 1.197811116783996 1.1141453045370622
1105 17.370362179524733 0.5377802656382993 0.002856242440188233 0.050688289790069244 1.6000606912931856 -99.0
2106 15.09592845630041 0.2839820398065172 0.0027687253718830687 0.03146164174707229 2.4602539641931718 2.0710755335884907
2107 13.903403398360782 0.1250203218857105 0.002764390840679129 0.029077981552489668 3.2734775618049623 2.6260371459007774
1108 18.50747352036468 0.2539855050592847 0.003142038611096112 0.08369251618956824 1.2694055940784619 -99.0
2109 15.828212851264883 0.4854615388488729 0.0027769879292814425 0.03449118187832734 2.1075400985988217 1.60558105513077
2110 18.2242019139685 0.2346846151579137 0.003030248703126362 0.07257109857152438 1.2623455731812683 1.0452235891073072
2111 18.582272958194135 0.3471802181736175 0.00317868191845693 0.08706227051783733 1.162099807481677 0.8757536846121883
2112 14.90367027553445 0.255960731089754 0.0027675371106961315 0.03091368659027225 2.5751849138780303 2.323586234413098
2113 18.24944585464078 0.4191980205242895 0.0030387019215963565 0.07346563799279929 1.2289039670003883 1.1494129439823675
2114 14.738148619429559 0.17481545147533542 0.002766717240789543 0.030503390526035158 2.7167842335813095 2.3435123492798406
1115 16.136824044689934 0.35243208111380014 0.0027834254210947593 0.036384978516221154 2.1782813399478114 -99.0
2116 15.589134988405227 0.3716794696792361 0.0027734395193484336 0.03330702151454666 2.148739669417699 2.0845323740417903
2117 16.7745297437033 0.39112699420728564 0.002807749471833449 0.04208670550661041 1.654964694909627 1.4624333593320777
1118 15.267192637189222 0.0938290267325051 0.002770049395946095 0.03202388844708538 2.6482412521987815 -99.0
2119 17.179322740673516 0.3944372737269362 0.002836680358799421 0.04748532839371835 1.5154340004492906 1.3912365891662448
2120 17.064593062287905 0.3993394179485187 0.0028269665654739374 0.045778725611445775 1.5564041474584502 1.3277517497936628
2121 14.75646892950889 0.16558249521116025 0.002766799964919028 0.030546243559804193 2.7366737413825146 1.9884472999421439
1122 18.41038735637649 0.3343746235364733 0.0030992528398622135 0.07960153365924219 1.2941810246604772 -99.0
1123 17.151745385591596 0.42680541257340066 0.002834218415636454 0.047061086504708353 1.6609469382519944 -99.0
2124 16.246784612823678 0.4462311397223875 0.002786379469628673 0.037177554614651984 1.8236418108276256 1.6825615472819524
2125 15.468623592331273 0.3919853202083512 0.002772010657396359 0.03278868396211529 2.266473330416424 1.7796383765898909
2126 16.12409927329292 0.4671804840723112 0.002783108737037561 0.036297566167960815 1.9154783989381778 1.6653547681357794
2127 18.619913146624935 0.4802760830085545 0.003198440839355749 0.08883369717340861 1.1438649840270638 0.9710526896068095
2128 17.543430822346032 0.36566740963088973 0.0028784192766221875 0.05403145818511749 1.3953340043283764 1.1673047473653915
1129 17.330512456917972 0.4324445720117478 0.002851772827898228 0.04998027533679776 1.6144946040379906 -99.0
1130 15.35433355479013 0.18550831684156133 0.0027708384323336817 0.03234007904862305 2.6048454024570287 -99.0
1131 15.429360149237647 0.1688680981807758 0.002771589176081033 0.032630046006535615 2.5598363692328294 -99.0
1132 16.828043492446174 0.4830910286471762 0.0028107976150867917 0.04270662637088491 1.8019418605418511 -99.0
2133 16.963866032279924 0.36468220190807915 0.0028195013821019385 0.044401108393172614 1.566794194547258 1.2563472447918638
2134 17.78398957406578 0.3599215651149305 0.0029182767456007157 0.0594943895686487 1.310471272480794 1.2710255054708344
2135 16.546719657602598 0.4833764891310872 0.002796807201955254 0.03971860250483988 1.6709370078765708 1.5059159846616326
2136 17.568514810539316 0.32526482294575465 0.0028820447825344936 0.05455449096028825 1.405779386180726 1.1065887576751632
2137 13.022180762397683 0.15843428232608836 0.002763534691855784 0.028305101630729548 3.5677418771745386 3.2596552797955405
2138 17.937748009197794 0.2895596007419049 0.002950699485179381 0.06356219647932523 1.2959342369959708 1.2365823234299116
2139 15.795302096533698 0.3367522252260817 0.002776435172157168 0.03431479615925406 2.0986674139436867 1.768692440055936
2140 17.540748767590138 0.39210323540176056 0.0028780382264900982 0.05397613630257447 1.3425236880847407 1.3084665381993592
1141 16.497019615682756 0.43159222988654505 0.0027948019624611515 0.0392554696715668 1.9723571561775102 -99.0
2142 17.67991520982907 0.36633463755788553 0.0028995737697802802 0.05700486575500491 1.3156012427624153 1.2711369183942605
2143 17.91238178159808 0.31771846079266985 0.0029449180176621963 0.06285711340685073 1.3040667251152236 1.2708864112254399
1144 18.006573854730693 0.3184148440426309 0.002967329285185247 0.06554697460613848 1.402128383162461 -99.0
2145 17.032359917124364 0.3658772118509458 0.002824475986110221 0.045326067944067364 1.5590153704296121 1.3818845647749607
1146 16.201637464103012 0.32599398392754997 0.002785117927018466 0.03684390846922039 2.12313008255138 -99.0
2147 17.67728295107744 0.28151829443665144 0.0028991311780382544 0.0569444799905843 1.3547153202757696 1.2533828059166736
2148 15.387574502429533 0.3268618725919409 0.002771162494260319 0.03246646233494567 2.2953096725863587 2.053722259339046
1149 18.133825989243498 0.2520438235213629 0.0030020556077823735 0.06950897634945888 1.3658205529671035 -99.0
2150 16.653922266802518 0.4029776420495893 0.002801574895513242 0.0407807645094637 1.693164520158593 1.323291618328282
2151 17.448183398033137 0.3691500693435163 0.0028656309734127437 0.052135947996557595 1.4705801518679844 1.0608616041012664
2152 18.130017948938526 0.3392127531667829 0.003000935322602834 0.06938462454177063 1.267234525630272 1.0426579014108655
1153 16.803912596429644 0.4304319654253062 0.0028093981752040035 0.04242388528844457 1.812540767872844 -99.0
2154 17.13583753821974 0.34361623023822746 0.0028328358995362655 0.04682047745287537 1.5085646200881475 1.473371932411171
1155 15.292672971610001 0.17695365197386503 0.0027702714024082815 0.03211413421152291 2.6348831178721905 -99.0
2156 17.607072006685776 0.43179457954733724 0.002887841136625777 0.05537865005036853 1.4115992013945062 1.1386541186653156
1157 16.440481422080254 0.4155457777786614 0.0027926654620218736 0.03874995910559569 2.005307485856031 -99.0
2158 18.229288988781345 0.4610457215100126 0.0030319310472018968 0.0727499508749766 1.2200091030122746 1.109560553293141
2159 14.185860457010628 0.11447123532176749 0.002764929419136781 0.02946096509727401 3.1430963972704364 2.3884908840761176
2160 15.05678812112707 0.28423725870547956 0.002768460090717049 0.031343339429986135 2.4324630454777396 2.1723588726910865
2161 17.686148092319772 0.4429327471404691 0.002900627525929 0.05714834684761515 1.3745525947065376 1.2577789366669914
2162 18.26490806051643 0.4605521738056328 0.0030440111739592365 0.07402230335796174 1.2147737972783523 1.0983417122519363
1163 16.501903721443213 0.4342002344027712 0.002794993616469039 0.03930019228032548 1.9696480059202373 -99.0
2164 17.247038098138603 0.38241244582297923 0.0028430932428120718 0.04856653159830723 1.5242280253518121 1.1839186768636085
2165 18.766397186194915 0.4517853730962386 0.0032846976224616283 0.09624378436305833 1.0743923047240882 1.0474797453161193
1166 19.071132394126113 0.3968249678983389 0.003522821427283112 0.11465385860896979 1.1394959048114368 -99.0
1167 19.243428196818304 0.3428866624723419 0.0037028103071334692 0.1271678703272008 1.1049277514645885 -99.0
2168 17.72382046716219 0.3199692891708344 0.0029071720403049508 0.0580305523325718 1.3627799835333423 1.2336042359599693
2169 17.287361440591717 0.3856759312863451 0.002847174482582507 0.04923798702340346 1.5339353209435438 1.1131658393591817
2170 17.280452120103046 0.33930805931971286 0.0028464606747248245 0.04912143223579345 1.478313167983585 1.2382551291854222
2171 14.313413824835587 0.17253244693315062 0.00276524138717997 0.02966353240389963 3.022604670651925 2.3914696960371375
2172 15.484511832612114 0.3272209685116363 0.0027721871022962498 0.03285426954557249 2.175417030751248 1.9675746052015088
2173 17.959713500961396 0.4140146202436393 0.0029558541696887183 0.06418410851714981 1.282252335893769 1.1235462532720037
2174 16.10468363350245 0.43439719942649396 0.0027826350175622254 0.036165849470280044 1.9413104875662923 1.4353203047385814
2175 18.70186065976979 0.648173530053908 0.0032447683426892826 0.09287472331508323 1.1430521655897186 0.9557851386273531
2176 17.27239453244366 0.30712850326988433 0.002845635889550913 0.048986297002349355 1.531211277080768 1.1291872789556774
