# Binary systems ID's begin with a '2'
ID Vmag (Bmag-Vmag) (Umag-Bmag) e_Vmag e_(Bmag-Vmag) e_(Umag-Bmag) M_ini1 M_ini2
20 15.795779111590209 0.5505472552853631 0.2910556153293992 0.024804955957729274 0.03310644872389812 0.032858607504807645 1.6871329621068278 1.6871329621068278
21 14.554879411879025 0.5330290683640857 0.26387176229564263 0.02434792640186536 0.031904473299627215 0.029107335593269952 2.08005514309558 2.08005514309558
22 15.848662807771992 0.6195079917753676 0.3598855685182872 0.024837619181334394 0.03318676194550957 0.0331012888605675 1.6863471321884504 1.6863471321884504
23 16.069427700611463 0.5761300517921926 0.3498983076758068 0.024991521179149732 0.03355869358836712 0.034216064304166266 1.5693093439554213 1.5693093439554213
24 16.1551061833283 0.6076812406219666 0.3888695736268268 0.02505972060684685 0.033720474627874066 0.03469673232824756 1.5466996743418948 1.5466996743418948
25 16.17860562650006 0.6467161760525099 0.4288203716504642 0.02507933595619481 0.033766695508370165 0.03483362731233411 1.548231064273983 1.548231064273983
26 16.32369194405879 0.701471220733 0.49302885297034016 0.02520978714751601 0.03407084871656447 0.035729986064000935 1.503087852649784 1.503087852649784
27 15.632041146686168 0.610388373862649 0.32445960195078555 0.024712889587166872 0.03287706951193385 0.032161174871379615 1.7726531638308396 1.7726531638308396
28 15.849389909285701 0.6084091539161653 0.35010109872160766 0.024838078876194183 0.03318788854451108 0.03310468782035146 1.680779106306659 1.680779106306659
29 16.289082118927887 0.642912242608032 0.4320396066830074 0.025177149683789313 0.03399525797110122 0.035507914355641906 1.4982143984183096 1.4982143984183096
210 15.669371701819491 0.5231597437546078 0.2506118107849633 0.024732735495157716 0.032926912948773944 0.03231329648541539 1.7317643335457416 1.7317643335457416
211 15.55014431606062 0.5402612403691284 0.25327237552822374 0.024671554753201243 0.032772493295159646 0.03184090705800771 1.791038283058991 1.791038283058991
212 16.251805862363373 0.6215074718888408 0.4084963345606113 0.025143084789991398 0.033916010143784724 0.035274611857928864 1.5107130607470445 1.5107130607470445
213 15.400961337754964 0.5439689502559076 0.2447628528439691 0.024603458783772857 0.03259775751757514 0.03130219529166707 1.8538449019435375 1.8538449019435375
214 16.264694184860044 0.6053743684096852 0.3930127855022838 0.025154737450225746 0.03394315979233711 0.035354596396107774 1.4966556701367735 1.4966556701367735
215 15.678321305084697 0.6049308902242141 0.3250520649501557 0.024737590355214847 0.03293907135748761 0.0323503540858778 1.7554133929438804 1.7554133929438804
216 15.036529996747042 0.5327935543248252 0.22789747858364418 0.024470089949258103 0.03224482246788998 0.030198149170944336 1.9637161251683655 1.9637161251683655
217 14.935857465250548 0.5089273998608771 0.20889545648315558 0.02444014164028243 0.03216317607446551 0.02993915597129336 1.9938257050979025 1.9938257050979025
218 15.32245544118838 0.5327601817545479 0.22995786508594496 0.024571035001090202 0.03251336737266999 0.031040277002007677 1.8747271421679652 1.8747271421679652
219 16.444841023754684 0.6527163052069161 0.439296451206067 0.0253321327905857 0.034351464805299894 0.036550620867566545 1.4332646870574415 1.4332646870574415
220 16.526568011258 0.6684641989894059 0.44457218293278483 0.025422296504393545 0.03455570512150971 0.03714440590797157 1.4061498437827005 1.4061498437827005
221 16.588273376365052 0.6512609306066415 0.41223612649804714 0.025494769268164887 0.034718427192954385 0.03761552149475558 1.3601199704965976 1.3601199704965976
222 16.17241069035098 0.6828101457786296 0.4626022230581816 0.025074125775050936 0.0337544314967144 0.034797322503778066 1.5591718103977334 1.5591718103977334
223 15.70354670638044 0.5912795524196592 0.31571632283799583 0.02475148046124671 0.03297378391435049 0.03245604916934265 1.7412561380524578 1.7412561380524578
224 16.365543450622408 0.6619297466058162 0.45330902641083276 0.02525059550271371 0.03416491798151516 0.03600573003984794 1.4695279204502298 1.4695279204502298
225 13.921098062995354 0.6112727708534987 0.39461541087766716 0.024248669079200782 0.031608629871157444 0.02812848558280593 2.136424993610431 2.136424993610431
226 16.098908358638234 0.6256953412046322 0.39950904286918787 0.0250144134877355 0.03361318999283158 0.03437824714340132 1.5726317221727382 1.5726317221727382
227 16.174055624165778 0.617329471724515 0.3994315876563594 0.025075506478070882 0.03375768238629471 0.034806947295099214 1.543418389082698 1.543418389082698
228 16.224582752189 0.625162035730131 0.4102220754380071 0.025118898975611783 0.033859519828835144 0.035107994040219574 1.5300451167653362 1.5300451167653362
229 15.670817717336284 0.5631001206266647 0.2867665270403295 0.02473351733991762 0.032928871893430474 0.03231926845503238 1.7473911232428758 1.7473911232428758
230 16.704317198747265 0.7130282083028188 0.45702184256960865 0.025642118043176298 0.03504562761347696 0.03855792251871565 1.3500395983738986 1.3500395983738986
231 15.637150712383795 0.6087056176203076 0.3234452395635499 0.024715567865134146 0.032883809546956064 0.032181764761552045 1.7687055181150937 1.7687055181150937
232 15.696184672918868 0.5454676975957782 0.2735485047509409 0.024747394935876146 0.03296358505100594 0.03242501105872464 1.7263065466377843 1.7263065466377843
233 15.95752156129521 0.5542861059181796 0.3166186781012158 0.024909800790416076 0.033362466056568875 0.03362970395143006 1.6020261603891868 1.6020261603891868
234 15.105970207554073 0.5265231216069467 0.2210908385439529 0.024492337821023117 0.03230484414533734 0.03038761004067972 1.9443404735529246 1.9443404735529246
235 16.52506704623291 0.6609544463570975 0.43574811125323737 0.02542058186623477 0.03455184008274223 0.037133195052571025 1.4046718465641075 1.4046718465641075
236 15.166032293101777 0.5373947633110698 0.23175896770547802 0.024512700844207817 0.03235934353160864 0.03055899378240812 1.93026006777282 1.93026006777282
237 16.252182779973264 0.6294060919234037 0.41636524541461895 0.025143423710615592 0.033916800410018454 0.03527694087938594 1.514063433955662 1.514063433955662
238 14.856838616084977 0.5512894214508256 0.25428174935806963 0.02441841310289165 0.03210327554312618 0.02974814561649095 2.015884843824024 2.015884843824024
239 16.129111002336966 0.6492772906278049 0.4254431149286312 0.025038486288959265 0.033670285686315596 0.03454787091350952 1.5669549202525381 1.5669549202525381
240 16.618248956308506 0.7059851480438406 0.47346040372114945 0.025531411463885573 0.03480023670101317 0.03785174958884757 1.3664372982835635 1.3664372982835635
241 16.435522673975143 0.744074772371908 0.5408341533807791 0.02532225561921349 0.034328963429121305 0.036485028017447234 1.4649116591922753 1.4649116591922753
242 15.10726184767823 0.6070609631578584 0.2973907016558669 0.02449276457554958 0.03230599049597318 0.030391221170133563 1.9590063346749593 1.9590063346749593
243 14.658529127665862 0.5794618201085815 0.29903118865671524 0.02437005601932792 0.031967700036567584 0.02931237383700705 2.0655336740060446 2.0655336740060446
244 16.362683679705643 0.6435151323304809 0.4339558143513731 0.025247759241235485 0.034158395617077925 0.03598663266642755 1.4644444304323723 1.4644444304323723
245 15.504144374181232 0.5481293216342651 0.25672467129433535 0.024649603138977176 0.032716513474802145 0.03166882571006731 1.818914456669622 1.818914456669622
246 15.381492373756599 0.550679309753053 0.24958659696756322 0.024595209234143878 0.0325763633562383 0.031235907633077896 1.8595483787189864 1.8595483787189864
247 16.372065928338134 0.7045890174083205 0.4980027188855843 0.02525709094863826 0.03417984647228486 0.036049428482571574 1.4814916468899624 1.4814916468899624
248 17.838394474043323 0.904091722436509 0.2839025821519101 0.028230983171324005 0.04031157299696633 0.05311928450414499 1.0742756876095705 1.0742756876095705
249 16.924718263811837 0.7050680183138026 0.3565697530290352 0.02596667058486894 0.035751291082791646 0.04057033934621872 1.273356405420925 1.273356405420925
250 16.334404933472737 0.6413829204215273 0.43146989927005364 0.025220091377643708 0.03409464754844411 0.03579981084735641 1.477190768576865 1.477190768576865
251 15.80739024535012 0.5537589435530346 0.29552754580550133 0.02481199868717811 0.03312381017705869 0.03291113184808403 1.6814218193888506 1.6814218193888506
252 15.917597610673607 0.5686312289377146 0.3239471519225587 0.024882527368953564 0.03329635370096642 0.03343126768482933 1.6367385787745512 1.6367385787745512
253 17.252993158588026 0.8675612212672577 0.45250443749208386 0.026582233267448095 0.03704444014850418 0.044199038672344274 1.2226595627869983 1.2226595627869983
254 16.27622339071838 0.6412416047736501 0.4296469980188929 0.025165273125678643 0.03396766997114668 0.035426753656826696 1.5048306947076595 1.5048306947076595
255 16.012836960893466 0.6383493987855582 0.40059314658982864 0.024949196605087074 0.03345740237270948 0.03391386593331191 1.6060377398916001 1.6060377398916001
256 16.5768421472836 0.7066016270698691 0.4817053556144881 0.02548104665996843 0.034687710621298884 0.037526719132538945 1.395559959792636 1.395559959792636
257 16.751836299667715 0.7341927895106355 0.4693718942740441 0.02570690448154294 0.035188058289491335 0.038966220402203225 1.334978797955647 1.334978797955647
258 15.970505812542779 0.6134054348439102 0.37180676720045563 0.024918877866435794 0.0333843978710486 0.03369543144461029 1.6221837822549714 1.6221837822549714
259 17.488778047298986 0.8460672286317509 0.3213920767983221 0.027147034686329233 0.03819081544351102 0.04736412745128163 1.1520614651863592 1.1520614651863592
260 15.583058832999582 0.5274111078177564 0.24483336480505402 0.024687812537736133 0.0328137517327564 0.03196744483103124 1.7660748098100558 1.7660748098100558
261 16.42935434468178 0.66737220178355 0.4575491803210024 0.025315761490590144 0.03431415486050979 0.03644184070993702 1.444101750084761 1.444101750084761
262 15.82217120369011 0.5479373685999988 0.2924672787998539 0.02482106811072362 0.03314613131414519 0.03297860911616786 1.6701031223190252 1.6701031223190252
263 15.578867893806043 0.5855164672918357 0.2968276585293556 0.024685716386542666 0.03280844157772698 0.03195117235900925 1.7944833953796537 1.7944833953796537
264 15.587063118259326 0.5713653434918574 0.28475470974416317 0.024689822517990533 0.03281884101461547 0.031983036742415046 1.7824006742895775 1.7824006742895775
265 15.605943810664971 0.5629558283820711 0.27902565948583136 0.024699395191988757 0.032843044767611726 0.032057139791681205 1.7675203631648675 1.7675203631648675
266 17.288884141874437 0.7990105225997215 0.33399819620434956 0.026660878452725082 0.03720612291842873 0.04464812445624251 1.1996111006752619 1.1996111006752619
267 16.069865613562193 0.6099084172264695 0.3810526972479735 0.02499185692875285 0.033559494300070554 0.03421844926510031 1.5810250693638936 1.5810250693638936
268 15.417922802660277 0.5502069018901772 0.25155760367803254 0.02461076116421572 0.03261665275438891 0.03136067832383479 1.8508931688830572 1.8508931688830572
269 14.669137096206818 0.5446140379705346 0.26308923178503396 0.024372436028393885 0.0319744527513698 0.029334200428156227 2.0589093955602285 2.0589093955602285
270 16.794918576288307 0.7702997364934978 0.5037522987189565 0.025768013636864 0.03532165514028989 0.03934818788735063 1.3265055860564978 1.3265055860564978
271 15.538697573808895 0.5582409088336382 0.2686648876158521 0.02466600948854637 0.0327583819822859 0.031797572294736134 1.805720316052004 1.805720316052004
