# Binary systems ID's begin with a '2'
ID Vmag (Bmag-Vmag) (Umag-Bmag) e_Vmag e_(Bmag-Vmag) e_(Umag-Bmag) M_ini1 M_ini2
10 16.684482771265184 0.5402517158337227 0.08639064230879681 0.010388980930477345 0.01573927102808275 0.01621084425283674 2.473975178114711 -99.0
11 16.651518611679723 0.570713217773439 0.10499033874223335 0.010387909402805026 0.01573392847748857 0.016134850791561996 2.5717471815403012 -99.0
12 17.033027347568233 0.6093867335995348 0.24613341580641127 0.010406063529615933 0.01581876899369211 0.017191230157699224 2.1164911068191885 -99.0
13 14.555587327288235 0.48530496368524445 -0.2980902911681643 0.010372743169747563 0.015644556067303843 0.014168721138257942 5.890423528051588 -99.0
14 17.118998313840443 0.6272022499645403 0.2886248349357588 0.010412503168803605 0.01584683244376834 0.017491294065362824 2.0470452209129713 -99.0
25 15.926586686576496 0.56299288163117 0.1058627697567949 0.010376027142127887 0.01566855104093446 0.014971812829616807 2.7902810807152165 2.433953079980165
16 16.55881834995074 0.5501611950099536 0.06631913599688866 0.010385255703810662 0.01572042608360575 0.015934295307838013 2.7234339200557285 -99.0
17 16.08177205574124 0.5608261292529408 -0.023557278303744805 0.010377331718209403 0.015676634421057087 0.015154263059423944 3.354235475730243 -99.0
28 13.70728178729943 0.46466021224646586 -0.328715975704572 0.010372568370913358 0.01564261764581564 0.014015428798488098 6.4908325904158835 5.296463916633322
29 15.8933467137092 0.5685312331265984 0.10250431301597937 0.010375797558998716 0.015667081963805545 0.014936334774188285 2.835213406344916 2.5018919382549356
110 16.190893163151685 0.5486452383580436 -0.012883079598058872 0.010378530892175903 0.01568375288983546 0.015300912198772398 3.199624371454265 -99.0
111 16.436898444211376 0.5707763200875837 0.05860135408485543 0.010382449681089544 0.01570564010917272 0.015697702587529522 2.9909501553799207 -99.0
112 16.480899959015254 0.5809873127967565 0.07632443236978831 0.01038338279657343 0.01571062381470131 0.015779731067839833 2.9171256462554003 -99.0
113 16.158707252168 0.5535208309305469 -0.015436687366388964 0.010378148987839933 0.01568151312088364 0.015255954404082872 3.2453494906476066 -99.0
114 16.96224876721275 0.590493861588121 0.2074252848470644 0.010401548282389912 0.015798575202043266 0.01696312172900909 2.1723152567099744 -99.0
115 16.630050143611367 0.5681231150870163 0.09780700412363602 0.010387249373434843 0.015730607904378975 0.016086709683732867 2.6092222278965016 -99.0
216 16.86668899360413 0.6894884469186974 0.437564205362818 0.010396401197846855 0.015774921758965017 0.01668004880363482 1.789064211927791 1.49839418240845
217 17.11402746582939 0.755624926938097 0.48243380002219477 0.010412099222365082 0.015845094728256823 0.017473221366244834 1.7087785855683144 1.4920416283481457
218 16.480489063705733 0.6137039307089667 0.29817270935632245 0.01038337368918268 0.01571057551564287 0.015778947984660566 2.0351637301656513 1.6960291182360758
219 14.630999888607116 0.5115957953769936 -0.17750849744565922 0.010372778540663798 0.015644905098947646 0.014189852534332761 4.8778491749629564 4.024168645718714
220 16.872889922177357 0.6838755483852788 0.42021159976676425 0.010396705571713889 0.01577634189739716 0.016697595611917592 1.8073623035583724 1.4273668911248332
121 17.090706514787325 0.5978501103196929 0.25348738850456937 0.01041025791779256 0.015837136964503347 0.017389640380896968 2.0552881387615014 -99.0
222 14.622286757731048 0.4918322693837936 -0.19138452301189976 0.01037277416999676 0.015644862428768905 0.014187327499079567 4.52712022779413 4.16087761540159
123 17.00117365427684 0.5780395159626042 0.20855502255127156 0.010403950484385353 0.01580937711703338 0.01708653869358991 2.127102046440177 -99.0
124 14.517678984110026 0.4467727057944061 -0.3343900336289264 0.010372727345042968 0.01564439693853417 0.014158694807325914 5.901567140568365 -99.0
225 14.149461706763853 0.46868345940151535 -0.2746396339941003 0.010372623450394488 0.01564328762162515 0.014079000970021613 5.619503214707824 5.126348611975733
126 16.623556629615784 0.5816712466658456 0.10817720688619034 0.010387055372624292 0.015729627373530067 0.016072354169895338 2.6388222452946164 -99.0
127 15.523922220814093 0.501897852040629 -0.1611471933871109 0.01037406646492277 0.015655327570212825 0.014613095233244548 4.1136842024499956 -99.0
228 16.089378200728056 0.5742412941704572 0.15223715281875175 0.010377406915236774 0.01567708859872777 0.015163966382787527 2.479761672643008 2.070214800884846
129 17.011423178154804 0.6096368764405868 0.23926947207528088 0.010404615448398272 0.0158123433566207 0.01711985619583739 2.1371146644395256 -99.0
130 13.390691610394802 0.40280746816486956 -0.4666052109157737 0.010372550502202428 0.01564237019377028 0.013984596186654114 8.796720127617403 -99.0
131 13.779163193581384 0.4472509851180815 -0.40125781656483334 0.010372574305933639 0.01564269512208143 0.014023921586335756 7.9428727399221914 -99.0
232 16.175841610268574 0.6081920342131927 0.20011997058432088 0.010378349168503468 0.01568269008484811 0.015279704911297279 2.4466135837236065 2.05682335256341
133 16.52633475978478 0.5595378619466606 0.06741542070947762 0.010384438517704087 0.015716179925938014 0.015868368500619838 2.799210773256989 -99.0
134 16.916657784463787 0.5997758934192555 0.2019170818319332 0.010398967188772139 0.01578680664847064 0.01682463974230217 2.222674685052837 -99.0
135 16.10595538507841 0.5319058958436057 -0.043781784034201875 0.010377574909108626 0.015678099212484174 0.015185375828294621 3.29600445719868 -99.0
136 15.530308969189269 0.5091250147869316 -0.15417768461655101 0.010374086636255272 0.01565547398704278 0.014617715316625014 4.111014975472084 -99.0
137 15.892600374885044 0.5042041651031458 -0.1023339582546816 0.010375792581030791 0.015667049929849186 0.014935551854194621 3.554143867360088 -99.0
138 15.665796998383973 0.4975381029376059 -0.1434930389876708 0.010374582872954508 0.01565898955440392 0.014723132071627088 3.8841483913703967 -99.0
139 16.948758044540426 0.6054740288032898 0.21675167524055217 0.010400759313801397 0.015794996486801844 0.01692147362333879 2.1950717066710683 -99.0
140 13.877603947112451 0.43443050311652975 -0.40423965305231335 0.010372583986361867 0.015642817969559797 0.014036605846549517 7.676057991095418 -99.0
241 15.24718311388701 0.5099070212710141 -0.08051719996434197 0.010373403227017186 0.015650303489539646 0.014439149741207555 3.56397821901431 3.1320221315946073
142 13.692918426443565 0.4277587659027007 -0.4242158761934377 0.010372567285937785 0.01564260327631432 0.01401380485065048 8.135560971389669 -99.0
243 17.960330649246263 0.9353685911970251 0.4236467801633138 0.010595560254893156 0.01650834532689166 0.022337346408623587 1.334891177158961 1.1927723198106885
144 14.194505566883972 0.44799068339163745 -0.36606275095796464 0.010372632377058199 0.015643388829686477 0.014087226709236988 6.654728701827571 -99.0
245 14.36232032691892 0.4775537866087253 -0.23932637021303543 0.010372673901327923 0.015643842802882748 0.0141214099085993 5.2103947255797385 4.909140884822121
246 11.775652692521259 0.39856786747031103 -0.5058614028675213 0.01037253158226857 0.015642048361526436 0.013919074992579692 11.868746668833028 10.601045459582208
247 16.080015542751163 0.5864197329785841 0.15759995899720175 0.01037731451818494 0.015676530375249624 0.015152032874362535 2.54484182040835 2.1292360080156776
248 16.440518256916572 0.6009915791849421 0.265926706934848 0.010382523317247106 0.015706036056467036 0.015704313163001284 2.119383790283311 1.7070075127602278
149 17.083670050045114 0.6187361204876272 0.27005992558913283 0.010409719366746126 0.01583479773345045 0.017364808486559594 2.0745565662187193 -99.0
150 17.540974158187666 0.6985184812663384 0.4591145864850644 0.010467203151288759 0.016064194260342786 0.01941164989719639 1.7418858740481211 -99.0
151 17.42933157287564 0.656485151972194 0.39909827017250055 0.010447892554191325 0.0159906623425618 0.018821048888401654 1.8026345721869368 -99.0
152 15.547845074894065 0.5031710161447552 -0.15661740856893824 0.010374143393685392 0.015655884345414494 0.014630555918465052 4.076087707902434 -99.0
153 17.846523424554046 0.7302585065408723 0.4629247817969552 0.010549284741616413 0.01635480272865198 0.021416513694776006 1.5661835376843638 -99.0
154 16.64121330582559 0.5945386612267408 0.12344778615667415 0.01038758896081563 0.01573231928030359 0.01611161102225457 2.62125669662084 -99.0
255 17.092501671559376 0.7406780169746271 0.46077898888860247 0.010410396558209883 0.015837738284859574 0.01739600401287049 1.7200506416372174 1.567903264255396
156 17.447647251536537 0.6700734292470351 0.41650792983870666 0.010450766400211848 0.016001781845925735 0.018913406670004216 1.7955845227679161 -99.0
257 16.46600588240242 0.6290745665803237 0.3181701593257355 0.010383057509435996 0.015708894628353183 0.015751553757674303 2.0118858708980145 1.921206141440284
158 15.179267714756856 0.466096364319595 -0.23758759038161162 0.010373290190036607 0.01564939390140691 0.014403427467643191 4.752025846223761 -99.0
159 16.433619106231287 0.5583353035439652 0.04714253139589294 0.01038238343963687 0.015705283519079682 0.01569173474449294 2.982348335748496 -99.0
260 16.55224225175744 0.6573822950205781 0.33248805224825484 0.010385085862233617 0.01571954728353357 0.015920772637865475 2.1068337277400926 1.7153396649006134
161 16.71082782725701 0.5610171447966313 0.1108921333872551 0.01038989073168715 0.015743763252739636 0.01627343487467528 2.4512752407437968 -99.0
162 17.168089547907964 0.6181188595947489 0.29592496397825013 0.010416720764406773 0.015864812970496408 0.017674764797454348 1.9977740108919082 -99.0
263 15.182262141784378 0.5255075596869748 -0.07883640776128993 0.010373294850323594 0.015649431813702007 0.014404951090326863 3.6372937476713747 3.1914847181131836
264 16.873544082071945 0.6981257914882834 0.44689677545506507 0.010396737906745985 0.015776492595402435 0.016699453146028945 1.7873780357953302 1.4968977235365006
165 16.697242622478484 0.5645827308777034 0.11060833670804862 0.010389415465781168 0.015741421446171952 0.016240949972691036 2.4799078837583646 -99.0
266 16.401998487315282 0.6150242917415006 0.2612682361602155 0.010381766981545543 0.015701946065033296 0.015635199232265598 2.1891031518127484 1.9383847455996672
167 14.99506265218813 0.48701002460057025 -0.24410653518556638 0.01037305201322193 0.0156473991482594 0.014318077474630958 5.152856150956845 -99.0
168 17.235951304370136 0.6197850290102275 0.3170633838123132 0.01042329347117402 0.015892296562741104 0.01794393566544919 1.9386545764546046 -99.0
269 16.51455840875455 0.6434327161635122 0.32514283689154333 0.01038415540445219 0.015714698024582505 0.015845000143882647 2.0936540844273703 1.738833818835541
170 16.485193066857207 0.5938263580943975 0.08840486544602334 0.01038347841093802 0.015711130491728495 0.015787932440106112 2.9255987334318934 -99.0
271 16.8460312532687 0.6940916257017162 0.4145190192814068 0.010395414587832708 0.01577029816327203 0.016622384558955136 1.85434778195255 1.6260101868596173
272 14.304613105749354 0.49280440439783557 -0.23513076089112345 0.010372657990859022 0.015643671763530275 0.014108992294101619 5.4495993860547705 4.792221778735052
173 16.56914989923899 0.5696871378448513 0.08554802339095482 0.010385527190125417 0.0157218269094011 0.015955723746184654 2.7283908837778332 -99.0
274 14.652553409906842 0.5059651935052634 -0.17833095344093305 0.010372789692605112 0.015645013430566145 0.014196195543501315 4.798922095882935 4.002910013217522
275 17.97121777981956 0.9501887297079108 0.41769629496364524 0.010600577356530258 0.016524664761379843 0.022431143964777397 1.3034358374499408 1.1636456954981675
176 16.606598302814646 0.5687457075923072 0.09307058489202118 0.010386560697968138 0.01572711752167688 0.016035307155802626 2.6549709030009967 -99.0
277 15.011495445428483 0.5048934516755169 -0.12366310731516703 0.010373069809456298 0.01564755263152076 0.014325059402258346 3.890364368852759 3.426990207228597
278 16.07223862697425 0.5982063802860652 0.16632849932534 0.010377239102891955 0.01567607346063136 0.015142206461952055 2.5294507010303526 2.109319402143199
179 11.779317797034636 0.40138730523904287 -0.5101496047789165 0.01037253158771481 0.015642048497344567 0.013919133763756295 12.894336612483796 -99.0
180 17.24197370470243 0.6362814259675632 0.3343669942872882 0.01042392200150807 0.015894893592317483 0.017968731895531494 1.9427891509457211 -99.0
181 15.710222559254477 0.5050003317376961 -0.1303858943548559 0.010374777862841987 0.015660331780485853 0.014760978385383358 3.8116921633804624 -99.0
282 12.936905427747014 0.42460650321492616 -0.42967152071976544 0.010372538630019414 0.015642184555680554 0.013954577452033257 8.636964167005154 6.722897648804009
283 15.68810909725841 0.5581109971449781 0.04158032264455157 0.010374678591546487 0.015659650892366712 0.014741926340544527 3.1658195524295207 2.580973327057393
184 17.77666425695573 0.729260316782967 0.48229131269206055 0.010525772064506781 0.016274359852033855 0.020901797413400734 1.605442898625494 -99.0
185 18.066042533240672 0.7995306891241523 0.48192085583212313 0.010649334248952078 0.016680452785908705 0.02329349662107958 1.4832261937222635 -99.0
186 18.36010542514239 0.8712252026259808 0.45552891096017517 0.010877336735263029 0.017361093421520854 0.02656265086518056 1.363923279760128 -99.0
187 13.235332406756491 0.406765552275843 -0.4732840893783468 0.010372545158979875 0.01564228991072313 0.013972729725962547 9.135908142524519 -99.0
288 16.885984042059082 0.7116406869072317 0.4542583489715438 0.01039736111029934 0.015779390771580998 0.016735013267183435 1.8011473140755654 1.4586207981398038
189 17.10516654078673 0.5802199739563279 0.24234898695376758 0.010411389253616994 0.015842033599921153 0.017441230839120907 2.0317886016254527 -99.0
290 17.011307107995297 0.7155305670689355 0.43555717532156013 0.010404607839823079 0.015812309473024987 0.01711947694832365 1.7321276077418857 1.6905445923209046
291 15.97319624547139 0.5679061265394413 0.12026162744114728 0.010376376495068328 0.015670757205773087 0.015023622210039327 2.7269624577500067 2.3146993914700134
292 13.904064895703911 0.4767881976151649 -0.2970042079455399 0.01037258693801466 0.015642854681790944 0.014040237298515142 6.015627792841205 5.316854665837877
193 12.741582887672095 0.3974110362237929 -0.5025749982317813 0.01037253607231101 0.015642139672512972 0.013945352215277197 10.553228186877993 -99.0
194 11.32940451456254 0.39473735531443715 -0.5140270084308585 0.010372531148856844 0.01564203683989487 0.013913332260579898 13.482907391038921 -99.0
195 16.702208574732804 0.5615465596753061 0.10921130435305171 0.010389587667128409 0.015742271155795382 0.016252772588321095 2.467386709206627 -99.0
196 17.23886234334685 0.6189781094006592 0.3171009985183733 0.010423596317299617 0.015893548537806394 0.01795590244222571 1.9356894024707432 -99.0
297 16.430859826191146 0.6402190365953744 0.3009617315125971 0.010382328046002502 0.01570498502827198 0.015686728698316176 2.1244096085868933 1.70446901629138
298 17.202730415397475 0.7553179529085992 0.47689067144513225 0.010419961999263795 0.015878442798061013 0.017809847519337403 1.649817454952457 1.5234265391780957
199 16.357258287369877 0.5615906131918333 0.03436757846213564 0.010380960071183267 0.015697522499728774 0.015558246709871968 3.09579342346198 -99.0
1100 17.78512384784448 0.7356856588042787 0.48945720562980466 0.010528443973286098 0.016283596262323997 0.020962200577392485 1.6029067758781477 -99.0
1101 17.68345239527808 0.7138325414322084 0.4760740362553878 0.010499196507298487 0.016180983241024398 0.020269510333173847 1.6567205567895664 -99.0
2102 16.396860733174037 0.5804078759186804 0.2272514087222076 0.010381670526894399 0.015701420672406975 0.01562618357424565 2.193199952429439 1.8574938575133044
1103 12.817765603538346 0.41034701755916536 -0.48888751131913155 0.01037253695063002 0.01564215541677242 0.013948734391590268 10.413422132398209 -99.0
1104 17.330831354817846 0.660679744165889 0.3819317001870543 0.01043415360292339 0.015936497773076635 0.0183527817331166 1.8814340950912434 -99.0
2105 13.43261610833538 0.4568631739945883 -0.36182291874822314 0.010372552259236585 0.01564239577963906 0.013988132525368811 7.362776800231337 5.6961991922080095
1106 17.58654731486653 0.6890682465391031 0.45021358612988904 0.010476442632778249 0.016098496555935943 0.019672661791998825 1.7074255464612709 -99.0
1107 16.875355870153427 0.5913338186088134 0.18191496010905597 0.010396827689132129 0.01577691085800483 0.016704604297349532 2.257551707119665 -99.0
2108 14.616027805149072 0.49290320500678964 -0.19123776796787517 0.010372771078069866 0.01564483216821339 0.014185527420629479 4.531534506698805 4.143739142724923
2109 19.150198699887987 1.1568310048472403 0.36137332786659443 0.012909162678943821 0.022302163321268186 0.042151491272431896 0.98812757137236 0.8914253989989883
2110 15.206225242124907 0.547152162840536 -0.05827856213687679 0.010373333189763858 0.015649742322395185 0.014417312384028082 3.649862169898838 3.0396524844542903
2111 17.468191022409954 0.8292463731988404 0.46935918189844367 0.01045412044784661 0.016014676560547534 0.019019065163966623 1.497103813865774 1.3383507816047686
1112 14.723875015581521 0.46657245955313803 -0.2949857949497332 0.010372830300591147 0.01564540182644825 0.014218203120113621 5.617153768211262 -99.0
1113 16.66657923732812 0.595622119183508 0.1302607839346333 0.010388390015892288 0.015736331953144687 0.016169255015345465 2.57432854039763 -99.0
1114 17.603409153649473 0.6987448979083097 0.46171228556573723 0.010480085225145146 0.016111882955345984 0.019772338899532883 1.7007290454038186 -99.0
1115 17.66750850695661 0.6853074308717007 0.44025787957207707 0.01049513641683276 0.016166452695374936 0.020167227964193377 1.6551149061214965 -99.0
1116 17.553637470083427 0.689064268854802 0.44901760964422627 0.010469684791490214 0.016073458493878423 0.01948296852669397 1.7291912324397667 -99.0
1117 16.230125064418917 0.5347824849140205 -0.016369339772966847 0.01037903168077139 0.01568665549035021 0.015357737570202092 3.14356743419294 -99.0
1118 18.167352122900724 0.8132283630653393 0.4555063042597975 0.010712997119875469 0.016877394307563187 0.0243113929211625 1.443696879816918 -99.0
2119 18.025763765353847 0.9655782566867617 0.4192899750629113 0.010627464887316487 0.016611173986600603 0.02291702324622441 1.2922138026846504 1.152425295241988
1120 18.468046752031345 0.8654155883413271 0.3857562736744026 0.01100190966996625 0.017710502283784162 0.028029773938781172 1.3307842024422956 -99.0
1121 18.98520585624919 0.9900868450284257 0.3617793227901998 0.01218321165949419 0.020661441328888273 0.03779229375014295 1.1621740562853946 -99.0
1122 14.058512105349608 0.4188682244016352 -0.4025371867107186 0.010372607747301466 0.015643105613184192 0.014063496483954212 7.039185976420163 -99.0
1123 17.696955636495236 0.6939840460008929 0.4475397067064536 0.010502740067648049 0.016193603926506893 0.020357440738800088 1.6404955542499022 -99.0
1124 17.085816061069245 0.5890152966120106 0.24409043531201913 0.010409882796454797 0.01583550817409458 0.017372363019883826 2.054440036516217 -99.0
1125 17.205153038387092 0.6260099691174256 0.3141857331135427 0.01042019737545526 0.0158794266279918 0.01781947362356718 1.9691210917682878 -99.0
2126 18.93385254994648 1.0863953132583355 0.3552411586308969 0.012002842747708612 0.020238478892711662 0.03657799319284829 1.0556689739000216 0.8586417012318566
2127 18.28208205548007 0.9691929464319391 0.36877587918560223 0.010802944515473036 0.017145887703129303 0.025597984961813973 1.250638784460017 1.1140904210493137
1128 18.87196635489525 0.9592323781281852 0.3589336987956687 0.011809186069286019 0.019775842690509183 0.03519635639754303 1.198837029356279 -99.0
1129 18.227744216301893 0.852923880870756 0.4947995174993311 0.01075771318443676 0.017012136961755027 0.024969929541668167 1.425705049228721 -99.0
1130 18.90475713293758 0.9770346795804391 0.3799527294617669 0.011908743256286035 0.020014855379294462 0.03591760023854187 1.1904665569639898 -99.0
1131 18.04905296804161 0.797020714146763 0.4854118689336845 0.01063988983714742 0.01665064673562902 0.0231328199205607 1.4896297579997133 -99.0
1132 14.917323316466579 0.4748713686491027 -0.26390803873266333 0.010372975469562794 0.0156467288874293 0.014286582679653633 5.287284543415361 -99.0
1133 17.62452177042589 0.6906797235510503 0.4506383063735777 0.01048482665433479 0.016129198839333836 0.019899575632215012 1.6841112467522976 -99.0
1134 19.291713472328357 1.0693531510986929 0.3139482083141957 0.013759711888979578 0.024130601729923012 0.046518887644527745 1.018970146315919 -99.0
1135 19.550826659291108 1.1222436239127302 0.31518242045285877 0.016123974230768674 0.028877314862115283 0.05634011150772501 0.9633110958829861 -99.0
2136 17.495065586150975 0.8242657001834649 0.4706270036460216 0.01045872611776104 0.01603224525181918 0.01916065480465911 1.5269035584679536 1.2809197868800095
2137 18.343215553695796 1.0138444904292767 0.37155918683090383 0.010860212311338484 0.01731203623912718 0.026347295399808165 1.1966288842460888 1.057127662051226
1138 18.4140490032675 0.8545010376094925 0.39494725768919925 0.01093616101867076 0.017527634656361542 0.027275739880914713 1.3422904982150616 -99.0
1139 17.125177625364397 0.6140573380274111 0.27888903003088505 0.010413011072955836 0.01584901336212083 0.017513888034624357 2.033784702787485 -99.0
1140 17.751443421999713 0.7303075072666964 0.48887625022636516 0.010518074908644795 0.016247604755712314 0.02072476587971985 1.6211905906977788 -99.0
1141 19.103369090353674 1.0031517419241331 0.3161511128847919 0.012677688273987015 0.02178842231879985 0.04083910774630828 1.0945989256312079 -99.0
1142 19.130078448034244 0.9824311898784577 0.2352270442743688 0.012806990706722232 0.02207637368047849 0.04157997029483967 1.065432058375675 -99.0
1143 17.62664310763578 0.7026739470205463 0.4657175738778709 0.01048531446640915 0.016130973589356282 0.01991251154810079 1.6876768171241316 -99.0
