# Binary systems ID's begin with a '2'
ID Gmag (Umag-Bmag) e_Gmag e_(Umag-Bmag) M_ini1 M_ini2
10 15.28251896882545 0.3003968137140543 0.0022414776557372292 0.02356700975933131 3.0469334601098046 -99.0
11 16.010891275243136 0.23942673200480344 0.0024301962903416777 0.024210805059743053 2.7574705230920986 -99.0
22 17.68998061167894 0.3517736160854887 0.002928006683474311 0.03298020180400027 1.722762807244492 1.4581128919282313
23 17.52083574048733 0.30104318766925553 0.002873554388393607 0.03099210720292145 1.7968667381863261 1.485017803307681
24 17.61064810874504 0.3132210610469219 0.0029023401049589528 0.03199155807871563 1.8317676813304373 1.4032331511823501
25 16.18772723796985 0.22977197998244808 0.002478361762732749 0.024487046858163698 2.473805707332629 1.9736615546692198
16 18.79733200913009 0.23706879327831384 0.0033108955527125727 0.06641012916676829 1.4960142428995715 -99.0
17 15.31067947593694 0.31193771480587923 0.0022484939687366307 0.023581978803305113 3.036909176437873 -99.0
18 18.50659052538892 0.2899321426045298 0.0032057672117423376 0.05245959952184007 1.6184090806006464 -99.0
29 17.981973355565533 0.3099598981606087 0.003024446253642204 0.03767458539984198 1.6310296281486867 1.43836330701149
110 18.15175265239599 0.1843716641222949 0.0030819748626414534 0.041378282667496304 1.7386756479159764 -99.0
111 18.569021616214247 0.2693960513296137 0.003228056365197009 0.05501482769455817 1.5851790107948593 -99.0
112 18.358240935923245 0.2894203135493673 0.003153418824125129 0.04718041922909666 1.6763411009786415 -99.0
113 16.50547193820454 0.21631183908258697 0.002567318382055885 0.025182038788250188 2.4997935693885704 -99.0
114 14.57987193818358 1.5639922335984282 0.002073325127900234 0.02332958371064729 3.1723115968142293 -99.0
115 16.621334608360613 0.2800046513922452 0.002600544051029204 0.02551869319841751 2.4218766868880355 -99.0
216 17.53171812177848 0.34542005402617576 0.0028770270373499594 0.03110690206856422 1.835099298298233 1.5634021930947926
217 17.618460409176347 0.34707448925399503 0.002904857612396958 0.03208431637878491 1.8180386630743572 1.472080821412556
218 14.94766223340667 0.6596852918283218 0.002159705815256915 0.02342627962961392 3.22676511016861 2.3691154924858426
119 16.265650658359043 0.19548591939633567 0.0024998879551994336 0.024631159816453196 2.600849425919493 -99.0
220 17.34879410447849 0.33070120256613517 0.0028192082504588027 0.029383096181097818 1.8767934161745004 1.4309514839599677
121 18.57076853016512 0.24074155024519597 0.0032286822724142124 0.05508944669723992 1.5831765943606753 -99.0
122 18.609410567422906 0.29571414796627166 0.003242558523517714 0.0567855000166183 1.5627886441963006 -99.0
223 15.12469089670134 0.23559189712184742 0.0022025573840772504 0.02349281062725962 2.883755511832844 2.6778425147720686
224 17.088885693496252 0.38241006514209713 0.0027390489165360576 0.027558022178743237 1.942622539229975 1.680497154814811
125 15.289021848807604 0.31594951430896884 0.002243095929955088 0.023570416449152806 3.0450939123039618 -99.0
126 18.32014219558095 0.22896306670715894 0.003140113371020102 0.04598569753688253 1.6917335042070278 -99.0
227 18.146025866652714 0.2685570762329459 0.0030800166616877385 0.041239138342824846 1.6146941509084742 1.3610968441534108
128 18.672140332035806 0.2684689708041849 0.0032652117128990975 0.05973284897176766 1.538961837893333 -99.0
129 17.208130054610145 0.360646011893305 0.0027755385738282377 0.028317008359004317 2.1432038610169193 -99.0
230 17.49189656162996 0.2762097837304342 0.0028643400612719965 0.030694858428833297 1.8115203418076158 1.4395027253295711
231 18.607867844148945 0.3959382504974154 0.0032420033945215533 0.05671609115444023 1.455966465047499 1.0797238431828164
132 15.962597786462446 0.2550636336023983 0.0024172059108867436 0.024146067691922745 2.778620424633544 -99.0
133 16.169758700727282 0.24220553031857958 0.002473424346982872 0.02445589696975611 2.665252575470267 -99.0
234 17.36252451829796 0.3418665317594585 0.0028235075426297535 0.029498331445308813 1.8423975646053603 1.7949816518862556
135 15.298282832638701 1.196701929860896 0.00224540258905233 0.02357531957068149 3.1828997193313944 -99.0
236 18.463586752744376 0.32655767291065063 0.0031905035822581626 0.05081981286339543 1.468202588174203 1.3211780318934125
237 17.877249883704344 0.2911771074726689 0.0029894981357910027 0.03577641660777086 1.7039537317761013 1.3237749771584244
138 18.828413318103337 0.25546201313232425 0.0033223361652986554 0.06824887148931397 1.4865418950046272 -99.0
139 18.277860143793674 0.3048695306989081 0.003125412670277923 0.044729284590175486 1.7012192136945554 -99.0
240 17.30988913406074 0.37211189703374076 0.0028070617763949254 0.029067862151308715 1.8697698595238883 1.5559420461607438
141 17.550071629955056 0.34986456169578334 0.002882893288551639 0.0313043407858114 1.98493192736052 -99.0
142 16.262346570267226 0.23944282933793104 0.0024989714229024 0.024624738799396192 2.603662844845127 -99.0
143 16.58017279446388 0.22818902147778503 0.0025886912129698845 0.02539306358205389 2.445946987712036 -99.0
144 17.344130371679245 0.35977333283664326 0.002817749423887209 0.029344434801957947 2.080781101578093 -99.0
145 18.599560257558338 0.31770488876630687 0.0032390156505128255 0.056344780417270326 1.5691328923478052 -99.0
146 18.32588638778928 0.25834532682764016 0.003142115850009413 0.046161945402289656 1.6905838521893404 -99.0
247 17.816900323945113 0.3548200245258053 0.0029695421106673 0.03479762357536149 1.6690997247133492 1.6358241571350811
248 18.572710592139135 0.18332538377556568 0.0032293782422768876 0.055172606705272735 1.43790364188919 1.030851076944075
149 18.403699932007395 0.23662749367426716 0.003169368532107805 0.04868810610595642 1.6517662756436287 -99.0
250 19.17969642463998 0.2339789200971595 0.003454419904624312 0.09534565777262557 1.3107734394531543 0.9863490537341821
251 18.95558651021147 0.28870920828568725 0.0033695601694356475 0.07662345204605776 1.370791689623065 1.1120233689375418
152 18.54784742463961 0.30954861851800214 0.003220479440092347 0.05412413226704059 1.5989863333697933 -99.0
153 15.754260414787266 0.21190503221188003 0.0023619568506881863 0.023910189277773775 2.8648643300248815 -99.0
154 16.581232169667782 0.26164667735262737 0.0025889955892605043 0.025396210769068384 2.447618360011262 -99.0
155 18.392158116627748 0.3359353256768803 0.0031653113548932655 0.048296569412022566 1.6599249335082253 -99.0
256 17.64767292458244 0.2895987145612986 0.002914290686363086 0.032439900797779433 1.830175472312317 1.3266869589214116
157 18.77321286882859 0.18355880398241936 0.0033020447755007 0.06503511350485554 1.5028349938414867 -99.0
258 16.231796528796526 0.2813940815778654 0.0024905129435230542 0.02456669678517908 2.3303175161267973 2.075114927556669
159 17.57693706330783 0.3449439340619951 0.0028915017444796102 0.03160224609624032 1.9713382527824497 -99.0
260 18.909800611458532 0.3930241419751276 0.0033524813737980065 0.07344273154484268 1.339871760120193 1.1619133748714654
161 16.985301557332622 0.2757952047286432 0.0027077409882653425 0.02699030361783042 2.2519702386486795 -99.0
262 16.362160974808095 0.30751202260130545 0.0025268081039010425 0.02483182595928968 2.3066988108307256 1.854169049425204
163 15.275496849157724 0.33213929594688457 0.002239731477154102 0.023563364238781533 3.050610279905188 -99.0
164 17.45402232691839 0.37026559998776304 0.00285232540788999 0.03032284851459224 2.0284143526164082 -99.0
265 17.88067014475245 0.3110713534657754 0.002990633134080777 0.035834294803582634 1.6584573734582608 1.5224958131421458
166 16.030231344374403 0.19962246273217796 0.0024354180969439337 0.024237928334633115 2.747230631038611 -99.0
167 15.099248442374853 1.2089286565279185 0.002196346856942423 0.023482250870281034 3.2655431820189733 -99.0
168 17.721048302119634 0.3245494894266981 0.0029381198044576245 0.03339692800257315 1.909084732608933 -99.0
169 15.671835360882657 0.2260641700383301 0.002340448775782556 0.0238335978958967 2.9036143376322965 -99.0
170 17.053457325076675 0.33022850906627355 0.0027283002980620767 0.027354919149931184 2.236073814274075 -99.0
271 18.165064425907342 0.28579479408828545 0.003086531464637124 0.04170587623973883 1.4801723148325623 1.4606986181585646
172 18.678854893779217 0.2965821877203229 0.0032676458558628454 0.06006326216410966 1.5371711350397292 -99.0
273 17.83012670183853 0.29115133256146236 0.002973904299289685 0.03500541720862726 1.6671021131805317 1.610935749179103
174 19.52675240066399 0.23424713829866092 0.0035900701680093147 0.13808031905399396 1.3041356056430955 -99.0
275 15.111189946960584 0.24072878753382757 0.002199259605729275 0.023487162309890692 2.917364001231453 2.7014707659626223
176 18.791384516141477 0.3701843340822922 0.0033087108551141274 0.0660669270707849 1.5000375329897309 -99.0
177 19.24912258975089 0.38187534435237314 0.0034811393695321534 0.1023822667805338 1.3789253908891994 -99.0
178 17.398891236282733 0.36813876879201585 0.002834926462221379 0.02981399245278773 2.048753944232045 -99.0
279 16.628633678211166 0.3030027075024014 0.0026026515282408236 0.025541703047911868 2.134716435960165 2.053363918157656
280 19.448155773385125 0.30439493773061066 0.003558890655971625 0.1265935068189298 1.2689005697988196 0.991926043877446
181 19.276259704333732 0.17787801432430184 0.003491639494621087 0.10531566491532848 1.3646103884150453 -99.0
182 16.37478928890305 0.2419481219249175 0.002530351969519329 0.02486005573846512 2.5622019895635963 -99.0
183 18.898839856250547 0.16849912325887537 0.003348405713624571 0.07270981113058642 1.4635213900110842 -99.0
184 18.490036318325068 0.24007368927525846 0.003199882885899055 0.05181715626595941 1.6241348513781375 -99.0
185 17.766422327309225 0.32116502702803834 0.0029529527020623007 0.03403759023709722 1.8899061201682203 -99.0
286 17.85029203712156 0.23326296414114625 0.002980567359521463 0.03532939947093451 1.6933806518236556 1.518776125218918
187 16.93625804096323 0.2595348093712213 0.002693042842020565 0.02674778978121215 2.2821801434013755 -99.0
288 19.136958183773736 0.2803312834901765 0.003438073680873157 0.0913284905107245 1.2889600300047452 1.1278617212889732
289 17.246279757995094 0.3836147831110161 0.0027873149965291564 0.028586579854006266 1.9310525101049443 1.6907687566957508
190 19.29535531956203 0.3420882873143584 0.003499047112417051 0.10744469884761776 1.3590516328017543 -99.0
191 17.807039606957492 0.28449708340654384 0.0029662941138021283 0.03464508525381899 1.8710481220171546 -99.0
292 19.009874062907723 0.3533018256392931 0.0033899229780963015 0.08065658857638071 1.353463004638846 1.1060679505319482
193 14.597578358796696 1.5535090628194848 0.0020774034376853153 0.02333322862934356 3.172427957367805 -99.0
294 17.819956761713375 0.2809162344697003 0.002970549584890262 0.03484531519221763 1.757461546615615 1.2895201327245192
295 18.64418667002032 0.3206960355175265 0.0032550975069091104 0.05838880358215897 1.4344329905007591 1.057946971187153
196 18.542983765048916 0.3027134140585611 0.0032187415523054373 0.05392308657466576 1.6016052344064695 -99.0
197 18.263988259796477 0.3134077228871044 0.0031206046776913465 0.04433234974112079 1.7086512959569755 -99.0
198 17.462197728092306 0.368892867075751 0.00285491457700905 0.030401559065962494 2.024237157073108 -99.0
299 16.837152948622748 0.32957485420742905 0.0026635845022611087 0.026303791994482188 2.15216588739302 1.8175062348143614
1100 18.475710345337983 0.34519328028201085 0.003194799322506602 0.05127257563682812 1.6328558936277664 -99.0
1101 15.397930974021316 0.29282115739154435 0.002270372807981402 0.023632112858159096 3.0057564051113546 -99.0
2102 17.14121159908137 0.2966366536957112 0.0027550015879817223 0.027876197557740373 2.030447397770876 1.5349061568360471
1103 18.600160942872538 0.3334782260407305 0.003239231588860241 0.05637148985316227 1.569306451826766 -99.0
1104 19.402726855993976 0.28573525100977354 0.003540992515574762 0.12048545018514145 1.3275112759036924 -99.0
2105 17.825246961226966 0.2949834019016606 0.002972294167710578 0.0349283247321441 1.7405071085531691 1.353461140069785
1106 17.208272761180154 0.3655786413828152 0.0027755825330414525 0.028317991281978303 2.14348227245516 -99.0
1107 15.151576646543486 0.36354918688861293 0.002209139305879988 0.023504367676661107 3.091493613806999 -99.0
2108 17.80143623251363 0.282710900873241 0.0029644500155368726 0.03455929895256155 1.7423655197377772 1.4230691243391649
1109 18.801777631894577 0.26087237738563074 0.003312529509122822 0.06666845775875901 1.4949791617219528 -99.0
