# Binary systems ID's begin with a '2'
ID Gmag (G_BPmag-G_RPmag) e_Gmag e_(G_BPmag-G_RPmag) M_ini1 M_ini2
20 15.410272994183288 0.7269016901068597 0.0027726730107306636 0.004974868480943439 1.8290228735056815 1.2944107847148423
11 15.788538876001441 0.6762798505635087 0.0027779641449524814 0.00556637808167605 1.8518706511642808 -99.0
12 16.437977097526485 0.8075029289899426 0.0027942868190012553 0.007148483096101452 1.6277751239794949 -99.0
23 15.665039710406486 0.8029534213831591 0.0027759866799137575 0.005352085118622557 1.7110964614636335 1.456251527557824
24 15.980760780065385 0.850480380143998 0.0027816370712070593 0.0059478560258390736 1.6352111536491212 1.1757667488999468
15 16.07964655548518 0.7413937706359489 0.0027838556095015382 0.00616965757225032 1.7553987568331808 -99.0
26 15.667347359197453 0.8041015245990316 0.002776021193726056 0.005355887330666547 1.7096230398739365 1.4115537190731617
17 16.949439537596724 0.944694896991769 0.0028186077287015608 0.00917550849248356 1.483966782111971 -99.0
18 14.007828024884658 1.6111692526660935 0.002764685484593878 0.003885809454940288 2.488484769028791 -99.0
29 16.475646885887368 1.012400190209003 0.0027956447499940178 0.007269701531747028 1.4285725672092562 1.2865086346845571
210 14.287908809852036 0.6611892805658715 0.0027654620931544405 0.004013723082378498 2.2402058220920913 1.9761613275556151
111 16.298757422666707 0.7927270020043269 0.0027897343119072495 0.006732581915581399 1.6704364156842946 -99.0
212 14.495054122067986 0.6329450961277384 0.002766213912697133 0.004129872876649172 2.087939850414224 2.01155215684958
113 16.918146828979136 0.9471047666863561 0.002816689957366143 0.009024713491159887 1.493923524733973 -99.0
214 15.858150745987002 0.832842168109029 0.002779204514222985 0.005697414880306524 1.6562262307430486 1.2291759382147298
215 19.264722432374704 1.5413373607862901 0.0034992759670509186 0.044359829843573936 0.8973928133574082 0.8416963927110828
216 14.744352405333867 0.6501269104716513 0.002767381436932795 0.004299550054116268 2.1107651877305957 1.6962127451557887
217 16.826724317812907 1.060985760085695 0.0028114548707030697 0.008606370034391596 1.4087353140642678 1.1060111789700555
218 15.735909937835157 0.8136925623119858 0.0027770881286068396 0.0054723115306248 1.6809872878246317 1.5523769356417685
119 14.11265237108025 1.6089547461691869 0.0027649482263210627 0.00393017057794855 2.4482388869623852 -99.0
220 17.076144646793384 1.1261712090174814 0.0028270928485100294 0.009828607959271407 1.2949037411717457 1.106066723531897
121 14.240074674130556 0.8145873676705228 0.0027653117570044044 0.003989675036318043 2.3624187589561694 -99.0
222 17.292982702567404 1.1518749360959744 0.002844700165115248 0.011122441045430555 1.241353705703613 1.102213660780198
223 15.644075289829193 0.7799890235473959 0.002775677156692316 0.005317881123342366 1.7199302618649146 1.6892586762736599
124 16.68397375213894 0.8824257346177264 0.0028042745951923874 0.008014585297523684 1.5493861938324924 -99.0
125 16.449461108094344 0.8214199563502707 0.002794694783846646 0.00718502897900823 1.6255100268042904 -99.0
226 14.93895415503921 0.6748498208510111 0.002768546627773346 0.0044592635487517495 2.0211735154980777 1.7477536688119646
127 15.292153140572188 0.6354292670183872 0.002771427754210809 0.004825740206825619 2.03752032258813 -99.0
128 16.698944055123984 0.8708664277719311 0.002804975195883334 0.008073342939765108 1.5412847942675214 -99.0
229 17.127911329639474 1.1281918779909739 0.0028309187496904763 0.010116262935579268 1.313372646708118 1.0538671203747718
230 17.004566736330055 1.1056843806272159 0.002822152962920453 0.00945107322969951 1.340262125591116 1.103055136432091
231 17.16558851853254 1.1257837167740812 0.002833845215623315 0.010333696624944506 1.286916830165559 0.9973498204891353
232 15.7845018866034 0.8243322445396383 0.0027778951172478137 0.005559013204145601 1.6850156071491607 1.511010955672378
133 16.16039375821709 0.7547715127014267 0.0027858572554472854 0.006365064179140564 1.7402918501284936 -99.0
234 16.02720919104226 0.8619802613372889 0.0027826488004726526 0.006049729899945826 1.6321318303234855 1.265635336694084
135 14.22679977450178 1.6038558032093617 0.002765271434696544 0.0039831720687041 2.4145431163032924 -99.0
136 12.315939530799518 1.978186821685708 0.002762884823086501 0.0035219132837576834 2.5919694994871953 -99.0
237 19.04823673583547 1.562499553202077 0.003341580141715347 0.037501886320440395 0.9656945344804062 0.7996273993428458
238 15.999002640181066 0.8883471332343658 0.0027820281884353352 0.005987388318018562 1.6141251069364926 1.4087779325807956
139 16.663289193420933 0.8845981922020607 0.0028033255726736773 0.007934615135721792 1.55918154147321 -99.0
140 16.151964881831486 0.7484376772998375 0.0027856398065346307 0.006344036438195956 1.7460362158557197 -99.0
241 14.676728972191587 0.6504957481446418 0.0027670320972544345 0.004249930422231089 2.076927608814275 1.840019926216485
242 16.157094469992384 0.9083073026776594 0.0027857718971422744 0.006356815480821249 1.5775035008252607 1.2588449505952124
243 16.696600605316412 1.0257002764344416 0.002804864752068258 0.008064095790254296 1.456720314851687 1.1788554640436193
144 17.5235839739055 1.060341871616368 0.0028687249387884086 0.01278562530704057 1.295549537525275 -99.0
145 15.82272217102644 0.6850469833854776 0.002778561234742458 0.005629759668291746 1.8398682465659264 -99.0
246 17.397608109230184 1.1773496900210874 0.0028548405257721463 0.011836952570908015 1.224097556329074 1.1054593074214867
247 14.366873167744286 0.6707129327948562 0.002765728459747209 0.004055615408357213 2.2341821509869746 1.8705409413685197
248 16.414569706747663 0.9468675256147302 0.0027934712482198623 0.007075084301033508 1.5046468190404698 1.406361991446712
249 16.805261895638697 1.028747875329338 0.002810301153496007 0.00851276403841646 1.4517009725781191 1.0992478849666942
250 18.89034469088527 1.4906863974074809 0.003248295555487008 0.03323593478172107 0.9258570204793314 0.8627251532178146
251 14.63907553602617 0.6368740679733826 0.0027668486760401194 0.004223508391834698 2.0449403508105273 1.8975674905024638
252 19.24706894037575 1.6160545305047551 0.0034849469145287375 0.04375233234421522 0.8925810985415759 0.8244833484054851
153 18.550293239233767 1.2327099824217191 0.0030952857803902755 0.025774281178200242 1.079429268412426 -99.0
254 14.56094631215512 0.6443614576621675 0.0027664917402186735 0.004171298754759777 2.1492680288915307 1.926747061033546
255 15.704813348693978 0.7975243046310454 0.0027765941231578336 0.0054186691428859 1.770247513719864 1.2806119440886334
256 14.081375332777151 0.7768309984302418 0.002764866598638437 0.003916519815055765 2.3427028271317063 1.7794984542576466
257 17.63446596737121 1.194439520492628 0.0028826644137562012 0.013708594228624842 1.1670996178108175 0.9850292026596946
258 19.031286191694026 1.4729792039894145 0.0033307624866659932 0.03701611700762912 0.9606176891342318 0.7832224483946061
159 14.72919810144003 0.6417910817336266 0.0027673008497379544 0.00428818211405451 2.215107985716114 -99.0
260 17.29715482981519 1.1479367401265346 0.0028450823375028773 0.0111497384158921 1.2402849819079984 1.0947809451622443
161 19.124542587982514 1.3732471020067472 0.0033928854413059987 0.039777088963152976 0.9972215656476527 -99.0
262 16.418110242585417 0.9589231446267857 0.002793593249893249 0.0070860932460924154 1.5037264878830279 1.3914803418349686
263 19.02524472436597 1.4473851834285574 0.0033269559380022778 0.036844658587676354 0.921983777870403 0.8354892447514615
164 15.089770608741706 0.6266251663256212 0.002769640115996225 0.004602465292384959 2.1101410146467177 -99.0
165 18.28821784926537 1.1830748898591756 0.0030111315183103567 0.021323718147361816 1.131998731948426 -99.0
166 16.0484634253761 0.7167876411297016 0.0027831294823917547 0.006097699001428135 1.7648546170287505 -99.0
167 16.95902468426324 0.9500690092819081 0.0028192086377091573 0.009222502872357811 1.4813361359406025 -99.0
168 16.962280941514443 0.9618712866014081 0.002819414240660556 0.00923855473907384 1.4814515770539434 -99.0
169 16.458885279252854 0.835238072979682 0.0027950334897855742 0.007215286349834472 1.6239850833411673 -99.0
270 14.804624917651969 0.6527178493844157 0.002767715746513576 0.004346234852396113 2.030109272469701 1.8431797525654976
171 14.857152295036492 0.6345418912869308 0.0027680259511821815 0.004388909252203747 2.191311921311231 -99.0
272 15.456389958355457 0.745543693918795 0.0027732053784112433 0.005037261689240213 1.8229602318698488 1.366212670391239
173 18.56683946549688 1.2762094551282321 0.0031014678367652154 0.026089797524522153 1.0769414468493226 -99.0
174 16.687180920852633 0.881302368585057 0.002804423708015942 0.008027110659899084 1.5478493259559665 -99.0
175 17.721296170218732 1.100729110833018 0.0028948463780161036 0.01449434009123467 1.2431365969985984 -99.0
276 15.721616158610393 0.8207846517694521 0.0027768589318027496 0.005447478969739862 1.6793327096351802 1.5691092860401297
277 16.443524541742427 0.9716018878989515 0.0027944832389311444 0.007166092519844265 1.5010589346061787 1.3123457138431462
178 17.5986849280155 1.0882808431147586 0.0028779769689660332 0.013401237640568511 1.2757520504360174 -99.0
279 13.525467072493852 1.2932214963989552 0.002763803364913446 0.0037255451180558813 2.4480423630252703 2.2755265622762484
180 17.835621119787792 1.1435926325771677 0.0029127900297101442 0.015621028629710194 1.216259490956154 -99.0
281 16.36457316573325 0.9466983911719968 0.0027917987802409615 0.006923097173731788 1.5292970409297186 1.3646131169756348
282 17.301888158751144 1.173097955402546 0.002845518070181563 0.011180824582855183 1.2406306042726163 1.097184665148597
183 16.397500203162917 0.8132239798302902 0.002792889755197083 0.0070224689683989205 1.6414445980732502 -99.0
284 17.16069914394497 1.1293439564439731 0.002833458484947934 0.010305087064867203 1.2602052259533745 1.0149111980118661
185 18.121446042864882 1.1825288988965599 0.0029690348583212038 0.018964634167828905 1.1555901505764032 -99.0
286 14.90593154598942 0.667954447865765 0.002768330716185085 0.004430274521620809 2.0607505402801305 1.4875151979876544
287 19.587200768652814 1.6313861448826756 0.003817244311750978 0.057215278985176074 0.8799871825133336 0.6602619659257737
188 17.29651353479925 1.0392520666272773 0.002845023478581502 0.011145536280788328 1.3696181713804492 -99.0
289 18.15448229079361 1.3042315493608978 0.0029767653402875435 0.019405878735708426 1.0522881434988334 0.8874701619556769
190 15.565256511562723 0.6538055195532041 0.0027745759684046837 0.005194583514099483 1.931469646555131 -99.0
291 18.31168251053604 1.3557749764182838 0.003017706434839893 0.021683181083075664 1.0065664628269009 0.9599056498270527
292 16.172628744243045 0.9221469596838163 0.0027861765453766345 0.006395855351338458 1.5727707982354404 1.2349214972399305
293 15.046899645996902 0.6855471890175738 0.0027693103998524113 0.004559882306350879 1.9273293804506504 1.6882052032086061
194 17.334867340324557 1.049901386636676 0.002848618547726806 0.011400907913410006 1.358198675153952 -99.0
295 17.183717820141947 1.1297905951086826 0.0028352976769064546 0.01044081761801878 1.2583806886290154 0.990403326983269
296 19.782893205758576 1.6705405034282397 0.004073798346895789 0.06691074279053015 0.849592102271716 0.7428703642142711
197 20.03929998556567 1.6086160375775023 0.004506687299061051 0.08230620023816912 0.8563907090049724 -99.0
298 18.8799486651174 1.4288769965376604 0.003242709536527371 0.032974560120644855 0.9746242994665462 0.7907239821596281
199 15.226490390345571 0.6253257578717689 0.002770803104027436 0.004749066755308152 2.0591821832336827 -99.0
2100 18.953697470599668 1.4889292010214012 0.003283769220267982 0.034879436846008416 0.9548896204143236 0.7495632691306808
1101 14.645544363289064 0.6650640862122004 0.0027668796434887097 0.004227987962409148 2.2460397345027303 -99.0
2102 18.895717518636133 1.4139968820158566 0.003251207921701264 0.03337192163715888 0.994182182116083 0.7351379190228152
2103 16.307922536056587 0.9436084266192183 0.0027900128177040066 0.006758480034465655 1.5335004559689278 1.3627325307094804
2104 18.446147073292373 1.365381611750027 0.0030588813196189336 0.02388665701727591 1.0185641528498632 0.8750236923456681
2105 19.616814107813468 1.550822247899824 0.0038525731466420056 0.05858132451894843 0.8750871318858727 0.6250575802195146
2106 16.16810843275673 0.9050450835308758 0.0027860580746400083 0.0063844421447980144 1.595892471057885 1.439102322702659
2107 14.380142313441855 0.6598099594170597 0.002765775561781353 0.004062933935954778 2.230902804610335 1.8617188159070448
2108 17.491952154458797 1.1867356274514347 0.0028650535953818695 0.01253782355115036 1.1791407983288926 1.1128954095174313
2109 16.860705893512154 1.0730386846823414 0.0028133388454007484 0.008758099571493917 1.4025037480502975 1.1905460152478304
