# Binary systems ID's begin with a '2'
ID Gmag (G_BPmag-G_RPmag) e_Gmag e_(G_BPmag-G_RPmag) M_ini1 M_ini2
20 18.05887321092863 1.0491650247980686 0.003058706762627769 0.020065292730444176 1.8451772481812392 1.7612013982615249
11 18.43366966203306 0.9394464123312299 0.0034115520268439333 0.026403856204320533 1.9123113606383921 -99.0
12 18.076223286406524 0.8650083687228057 0.0030742043951899572 0.02032434135265892 2.0686236990629636 -99.0
13 18.900309864521216 1.0262740504906522 0.003908273770100732 0.03693414531271408 1.7370481133059972 -99.0
14 18.41237409129256 0.8981373458648921 0.003390454905346606 0.025998666158077603 1.9181256393791337 -99.0
15 17.967860352206053 0.8659218706501974 0.0029786819436764186 0.018755502443318566 2.11152948581516 -99.0
26 18.881639184313215 1.1201624744150787 0.003887075866580291 0.036445344006030556 1.5816867881305292 1.2258855326228608
17 16.432299675216154 1.897763187125527 0.001904433692517897 0.005479240682407584 2.7058449800193105 -99.0
18 17.606424236435423 0.8341082776648657 0.0026810205661119174 0.014287081824273979 2.2571002515324112 -99.0
19 16.599505329720607 0.8991115422160526 0.0019994863524672923 0.006346161212414998 2.5952760403038684 -99.0
110 16.050861184696913 1.9046787275170058 0.001704164209847239 0.0038352869252536188 2.779623029949484 -99.0
111 16.73359870825968 0.8846039032048473 0.0020791322590208187 0.007116484125589554 2.5615261781912397 -99.0
112 17.993132265284718 0.841849782648648 0.003000690421184142 0.0191110820383626 2.097360030300803 -99.0
113 18.71147935534087 0.9486844190541949 0.0036991054097180467 0.03226603000839061 1.816527378253734 -99.0
114 19.145960796069982 1.1078953030038512 0.00419818329968151 0.04398010904141955 1.6534075888842676 -99.0
115 17.681117786368436 0.8549064798763727 0.002739992403171217 0.015122469779147201 2.2341058593156617 -99.0
116 18.09346762096842 0.8745777712180478 0.0030896853817405008 0.020584866478002308 2.060055354279656 -99.0
117 18.483393866593396 0.9655020697352751 0.0034613254021714146 0.027373187088760877 1.8954413599637092 -99.0
118 17.947073904141444 0.8586973822501097 0.0029607007503983495 0.018467592801662984 2.1214615238623438 -99.0
219 18.851194159954378 1.2459994341608138 0.0038527561842927435 0.03566151815438694 1.5297113261351307 1.5138290563846326
120 18.893965421084836 1.0079060496363978 0.0039010576209484327 0.03676734816649876 1.7406722314122476 -99.0
221 18.65323851956759 1.122546945189707 0.003636879130664679 0.03094340947934567 1.7132713820614973 1.3455527512257104
222 18.086683008022884 1.0317226163620232 0.0030835852601039113 0.020481999690972284 1.8460331276005586 1.7344961609845826
123 18.509466272315773 0.913582616633998 0.0034877131290520454 0.02789473640469908 1.8860889778543224 -99.0
124 18.50463156006258 0.895147726942266 0.0034828047979604433 0.02779732168312838 1.886760616317558 -99.0
125 18.683674144764723 0.9950320131620107 0.0036692657715973937 0.031628032189058866 1.830593280431451 -99.0
226 18.471981601703117 1.0578252630586757 0.0034498380258458556 0.027147799409710436 1.7667783930314755 1.501743609875715
127 18.16385453274121 0.9095973942209904 0.0031536874799600006 0.02168061803751744 2.036443305841357 -99.0
128 18.229587052052178 0.8503719138259839 0.0032146540267129022 0.022752516983786508 1.9980698543011912 -99.0
229 17.04299479840786 0.8574116965493415 0.0022752163871684328 0.009187165601762675 2.2305084698341555 2.165229426114245
130 18.20333830364998 0.9198201250501594 0.003190168366536166 0.02231870756361008 2.0189533114471128 -99.0
131 18.10834856345647 0.8836608352030435 0.0031031072985189183 0.020812161848530644 2.052815271912248 -99.0
132 18.401697715081546 0.9134286752698527 0.003379927170472064 0.02579773116087655 1.9235211712572018 -99.0
133 18.193832658251957 0.9096946235291934 0.003181347275022345 0.02216351465440541 2.0235842714044785 -99.0
234 16.97661366087165 0.8379869434628641 0.0022316447798110765 0.008705368337231505 2.379954424374169 2.107934740629792
235 17.131952425289285 0.8639915529570658 0.0023349437224873546 0.009867993524191453 2.241757194502433 2.0220126889879637
136 18.6505613628622 0.9168120824442767 0.003634044075126193 0.030883866403227742 1.842456894922783 -99.0
137 19.13504549565475 1.0479921414167237 0.004184856217282308 0.043641331784681485 1.6568003660286441 -99.0
138 17.071432100540743 0.8525623192115276 0.0022941415371294954 0.009400332595440214 2.4876542171236897 -99.0
239 17.13961505393067 0.8623256845912208 0.002340161279581641 0.009928593840342202 2.252441650519154 1.842264555949371
140 19.35875972536237 1.2044523631371922 0.004466649004859521 0.05111453767043148 1.5682818566984447 -99.0
241 18.685598118783503 1.2129917030334672 0.0036713227432843263 0.031671789722269736 1.6121864814873632 1.4413684683152077
242 18.72804166779401 1.1891215923543625 0.0037169947349296336 0.0326518461765678 1.5917398108418461 1.3817851070357288
143 16.82779508558319 0.8721103510869151 0.002136970676571201 0.007701317000997519 2.540248800115129 -99.0
144 18.887819376718568 1.024604083653424 0.003894079835767004 0.03660645375197397 1.7471965258277233 -99.0
145 17.103526183538865 0.8501464559127674 0.0023156894421632163 0.009645929475126633 2.4763462158472143 -99.0
146 18.278041340252095 0.856683174791993 0.003260348448852058 0.02357400221910824 1.975577158146298 -99.0
247 18.63772764829252 1.0245575685448922 0.003620484087798858 0.030599934572955196 1.711150553451934 1.3624494656514683
148 17.540256582275298 0.8393034078700824 0.0026298411263761877 0.013581772232877496 2.3033435067879084 -99.0
149 17.19708319975446 0.8426618738295538 0.0023796653027923142 0.01039332007673169 2.4427500076785065 -99.0
250 19.565951185513132 1.446495827392649 0.004744526484535506 0.059130221811686055 1.374558767962445 1.165491065042438
251 19.593349994173977 1.2537529943732988 0.0047825442868351465 0.060277549060410614 1.3238189561077394 1.2661521708707786
152 17.003730986987197 0.8604818859653658 0.002249342468698981 0.008899555627048356 2.506945325853288 -99.0
153 16.407361766187268 1.8991150398962955 0.0018906496157636743 0.0053582079999988375 2.71269094059636 -99.0
254 18.39610902277823 1.0601800615691732 0.003374429327583049 0.025693130981044743 1.727827666027668 1.3219749542835184
155 17.14193289766684 0.8330931524878395 0.0023417418170654956 0.009946987107610062 2.4604316775886024 -99.0
156 16.401050993101308 0.9230987516174661 0.0018871772718081522 0.0053279045210470844 2.627360472598353 -99.0
257 17.689085029044026 0.9044523681584682 0.002746358741187428 0.015214114709317716 2.037099363026141 1.768898673122579
258 17.99723857324219 0.9361839043172598 0.0030042817958080186 0.01916943941829626 1.8822349859792062 1.8018770608277983
159 18.316357596632105 0.8777589708780237 0.003296941717710268 0.024243106119194422 1.9591030933592206 -99.0
260 18.5944887268798 1.092174098820974 0.0035751695449233135 0.029661407537729455 1.7177259063181882 1.3254535906567595
161 18.322972534868565 0.9080971653822631 0.003303300643910076 0.024360400826412675 1.9580597552930559 -99.0
262 18.651087700657868 1.1569047643108088 0.003634601281760406 0.03089556418315167 1.6397550233813178 1.4874440502377835
163 18.750643540832993 0.9235344383316605 0.003741547196519968 0.0331854340144555 1.8018691737641557 -99.0
164 18.685849593981178 0.9848071175755656 0.00367159168728914 0.03167751334408669 1.8289443005912145 -99.0
165 19.398643351233712 1.2605501950569977 0.0045188441257458835 0.05257079432466008 1.5545273818475054 -99.0
266 18.551677948825684 1.1137518507452737 0.0035308624887245253 0.028759044807510552 1.6953387649593519 1.5222939118373877
167 18.336979768393036 0.939846701029265 0.003316806279048915 0.024610527686134094 1.9540593773573074 -99.0
268 17.31709755246868 0.888232546708054 0.002464327729273695 0.011424610604812414 2.1007523504689933 1.969574182335067
269 18.151138761095936 1.0490312564644322 0.003142027829072786 0.02147875192455844 1.8322841509211247 1.5098409177625152
170 18.056740175422508 0.8645142858299608 0.0030568068691508563 0.020033656105837495 2.080024523533807 -99.0
271 18.915120060624968 1.2158115390844488 0.0039251708304134 0.03732632971323213 1.5266197681125184 1.5134769816245002
172 18.031439893009644 0.8740915548561533 0.0030343617318484835 0.019661898368184612 2.0887459312690404 -99.0
173 19.374065492298573 1.125102067161097 0.0044866077695935825 0.051668712876282594 1.559711275800208 -99.0
274 15.66094271200623 1.6414147890268234 0.0015211927678574057 0.002543296841989693 2.7869574435765863 2.3193385317799486
175 19.39209650988037 1.1402119379555564 0.00451023471609098 0.0523290261592014 1.5529659492245622 -99.0
276 18.991997215343346 1.2155177379911042 0.004014061443848593 0.039426977368081415 1.5230828988636431 1.5130741936505048
177 19.16098952577128 1.088253861496547 0.004216602164919757 0.04445070037709378 1.641841398507022 -99.0
178 18.16171147841164 0.9040942020009628 0.003151719391906409 0.021646473728043247 2.036738860456591 -99.0
179 19.155084743832493 1.0561007552622115 0.004209355781886573 0.04426522975538085 1.6438755289011788 -99.0
180 18.927857239170784 1.0232776224414517 0.003939761188605888 0.037666802113016644 1.7141182376364519 -99.0
181 19.533897107712757 1.2190784551444174 0.004700432590475418 0.057814886365788805 1.512072571110603 -99.0
282 17.112810381453713 0.8694838689033602 0.002321960493140386 0.009717984167380529 2.3492825276442177 1.7052515570018534
183 17.333686178586003 0.8457825450606822 0.0024762644993078986 0.011573913997165583 2.3964802682633493 -99.0
184 19.662960938341012 1.2886564111447485 0.00488051027384426 0.06329079342702892 1.4746643589321158 -99.0
285 16.693702393784907 0.8650775928337816 0.002055109548532192 0.006879886428972862 2.5096697830238726 1.9964863472171024
186 19.733613824179717 1.2974144233788447 0.004981994854381982 0.06649898611427167 1.444175346596295 -99.0
287 16.984870915136742 0.8396516333560653 0.002237018949384982 0.00876411874458656 2.336747367403953 1.8951767559627555
188 18.716949021643476 0.9928411710532379 0.0037050037767899736 0.03239296327313416 1.816393572870659 -99.0
289 18.53745687913979 1.1301450921947185 0.0035162662119829088 0.02846507657987213 1.687606835654691 1.4971692751416743
290 18.182170247308488 1.0101894332117243 0.0031705580517243574 0.02197447884106138 1.804314734766347 1.6346010377123432
191 18.368970289494946 0.9104427878639946 0.0033478586477280036 0.025190821994960623 1.9386573461704246 -99.0
292 17.930725882766424 0.9668941718407309 0.002946635278926148 0.018244009030962332 1.9387054081393282 1.64155339308984
293 19.16205377585745 1.2465465743967905 0.004217909545044548 0.04448420824217453 1.458132429505957 1.3636245718430566
194 16.92990388459205 0.8574085087246048 0.002201486268546957 0.008379186017883334 2.520937335024604 -99.0
295 16.21358146671347 1.666835152023528 0.0017868849859478018 0.004484690153508445 2.6840648803521217 2.2592615667696934
296 15.918612002546858 1.6085136117318812 0.0016397629531198438 0.0033580803913302055 2.72423379004736 2.224598262492383
197 20.128596104737458 1.1989153470904266 0.005589475630535801 0.08758221216389746 1.3530750553314594 -99.0
198 19.90687684781539 1.3240868052704744 0.005239889862801008 0.07505300044379182 1.4145667021959407 -99.0
299 17.249243161388932 0.8716672086541352 0.002416097456190491 0.01083118265599158 2.209348361237361 2.0459334247410474
2100 18.924486203308632 1.194654282840175 0.003935894418994107 0.03757640431241281 1.5260869570631785 1.5134163037006119
2101 15.559515627510896 1.885206776784321 0.0014769067491617793 0.002259844022194925 2.6411124583292267 2.4038277336590523
2102 16.965881313353872 0.8529973850886808 0.002224679006233265 0.008629500436560725 2.359404239637289 2.100377787181549
1103 20.308043629380915 1.294347274252253 0.005889417331700578 0.09920542583119676 1.3092386805034861 -99.0
2104 17.006166968763786 0.8700927613643467 0.0022509391268736236 0.008917176140207097 2.377101696305068 2.082156637836912
1105 20.00377924293041 1.238789307013842 0.005389902799564586 0.08029667028020304 1.3871051643820176 -99.0
1106 18.295998736949254 0.841633252842926 0.0032774474991766394 0.023885409787711236 1.9657701055798704 -99.0
1107 20.072825462808918 1.374055978283626 0.005499405238697039 0.0842501372617845 1.3707945358847728 -99.0
1108 20.59598852385427 1.4172325121467568 0.006404706112877336 0.1211003582152852 1.2420323098450745 -99.0
1109 17.938570580590273 0.866848677375419 0.0029533763225603263 0.018350985993081836 2.1285864968707404 -99.0
1110 18.227274024167023 0.8713621600042724 0.0032124888315526313 0.022713977111447615 2.001082043365231 -99.0
1111 18.293979390744745 0.8902319687680947 0.003275520209300378 0.02385020074256168 1.9698255007400396 -99.0
2112 16.445196634687434 0.8698718638199433 0.0019116016836401184 0.005542646529182349 2.537793929520235 2.37815403480626
