# Binary systems ID's begin with a '2'
ID Vmag (Bmag-Vmag) (Umag-Bmag) e_Vmag e_(Bmag-Vmag) e_(Umag-Bmag) M_ini1 M_ini2
20 15.349892039170681 0.5481083598630482 0.30711128583119995 0.0245821145798679 0.03254229689144928 0.031130199502028274 1.8529187590728955 1.5410723021331254
11 16.388259043519756 0.6289875794090493 0.43063411881118285 0.025273377964556 0.03421722637501314 0.03615877401878022 1.5790713388216973 -99.0
12 15.98155963677367 0.570577506214796 0.3333740842992721 0.024926687015447802 0.033403238157312755 0.033751854492548014 1.7841107061280554 -99.0
13 15.579251448596944 0.5745598859749855 0.28741583141636956 0.024685907907244963 0.03280892686906717 0.031952659653527206 1.9529067928751294 -99.0
24 15.739229345852584 0.5919020736941032 0.37116073185893494 0.024771659216967726 0.033024022669782924 0.03260874845218614 1.601573560216367 1.4993757282966824
25 15.35886455983169 0.586924449780326 0.3503732648142882 0.02458579594656908 0.03255188764162785 0.031159979250294834 1.844189746593544 1.551620365291563
16 15.884653074329892 0.5761105149521972 0.3249057894586289 0.024860727639264543 0.03324327123157983 0.03327160242907476 1.8278258977309372 -99.0
27 15.644579351408995 0.6192948030211258 0.4049745346304642 0.0247194831307521 0.03289365489817475 0.03221183000505733 1.632326616740418 1.591301395195711
18 15.820511008303114 0.6156556743297867 0.35191941827297885 0.024820043582798292 0.03314361184428215 0.03297099560489253 1.8671144283012688 -99.0
29 16.330702002838358 0.6835770389750264 0.3810451975477919 0.02521651881665091 0.03408639986427473 0.03577561740785905 1.4443746778969313 1.1929393158139563
110 16.342475726374325 0.6383845922187813 0.43766764060112484 0.025227918205707484 0.034112703570340026 0.03585275755014669 1.6015707944250273 -99.0
111 15.670545023948211 0.5037232375605374 0.23335022890979498 0.024733369821967784 0.032928502307839974 0.03231814178785904 1.894557138192583 -99.0
212 16.18202785755491 0.7159737071446513 0.44662813691475156 0.025082226306018317 0.03377349493351681 0.03485374983370926 1.5119601606836546 1.1643719409690465
113 15.830479474296263 0.5244086820321207 0.2714597184284033 0.024826217648992233 0.03315878700769361 0.033016841889706765 1.8383300699554568 -99.0
214 15.378686138871096 0.5929467675769631 0.35108274518343147 0.02459403168737156 0.03257330532291467 0.03122642647341737 1.8522196745984776 1.542504721749865
115 14.394117995586159 0.5271494464990556 0.275178172452821 0.024317334411274004 0.0318156403153926 0.02881705087745027 2.289929225175931 -99.0
116 15.30898125143375 0.5361346609935961 0.23369106352007177 0.024565690313078262 0.03249937665211134 0.030996737375855333 2.0392347801025132 -99.0
217 15.939184607303051 0.6755899295997677 0.4308329808392007 0.02489715594836168 0.03333185475620951 0.033537881364488 1.5897691637729376 1.3559001474168277
218 15.162451484116563 0.5125824189197812 0.2583112398186231 0.02451145663281863 0.03235602503696207 0.030548575133687774 1.8987620629397182 1.714953167289866
219 14.982989364995339 0.5597299065014156 0.27773747475652993 0.024453834815121187 0.032200633175331915 0.03005816326830688 2.0236647367749536 1.6568475548564274
120 15.842159984692456 0.5258611972876971 0.2741426067391597 0.02483352087155655 0.03317671351269713 0.03307096627527038 1.8311339132012483 -99.0
121 15.98150299843065 0.5905800880946498 0.35145792355593464 0.02492664680976774 0.03340314122321439 0.03375156428617599 1.792438349882198 -99.0
122 14.986528652507387 0.47857946886569347 0.17780875361010112 0.024454886032548667 0.03220349980116817 0.030067257666534696 2.1404716316118155 -99.0
223 15.819652290147475 0.6406621488353178 0.390640000804141 0.024819514239897818 0.03314230990703115 0.03296706103114296 1.6570486012559942 1.4321740201506623
224 15.479386539291092 0.5782293413814955 0.3597618556817019 0.024638148792230256 0.03268717487752056 0.031578452982634536 1.7059558352698214 1.6576070008329165
125 16.787442967773895 0.7447895425070079 0.5231761932990704 0.025757244326385452 0.0352981626527536 0.039281089465558194 1.4426315954069717 -99.0
126 15.746399024382205 0.5568406121539201 0.2895336834992375 0.024775790206743392 0.03303428044706722 0.03263988798891903 1.878339465201134 -99.0
127 16.164663317009886 0.5590249757406855 0.345905517114915 0.02506764951404605 0.03373917418263925 0.034752138397115925 1.6835163915271245 -99.0
128 16.375220153477155 0.6527422837547926 0.45477480652970464 0.025260245411131258 0.0341870920460204 0.03607063164781942 1.5926429596397238 -99.0
129 16.079773433278632 0.5536911749583205 0.3305820861749972 0.024999487743701015 0.03357768098927195 0.034272602942491875 1.7135174401095048 -99.0
230 15.894503161724979 0.6280187684187115 0.3920925375477405 0.024867179879142127 0.033259005036389726 0.033318959646518286 1.5750331976338319 1.197150405673948
131 16.217257050785644 0.5355393396146092 0.325864675845266 0.025112488284154286 0.033844514426604064 0.03506369111719813 1.6245780810547843 -99.0
132 15.153712467848345 0.530107572429375 0.22499498871114387 0.024508436416961293 0.03234796354810288 0.03052325645724113 2.098184341455265 -99.0
133 16.264059439268465 0.5621142603856624 0.3554989340859656 0.02515416048189318 0.03394181652353399 0.03535064045076085 1.609776545352597 -99.0
134 16.196387716618517 0.6138590081153105 0.40144299937159383 0.025094449064119145 0.03380221683458371 0.03493870671305108 1.6912640105709815 -99.0
135 15.558850473316605 0.602875401821307 0.31134317979904935 0.0246758096731811 0.03278330753537921 0.031874097316272526 1.9634601598507393 -99.0
236 14.77230582858928 0.5511435960594645 0.2648544915945802 0.024396771309171682 0.03204300869799374 0.02955505174010754 2.0851096129421673 1.7272226252483596
137 16.749844754977264 0.6457494346657247 0.4024347273120871 0.025704134885087424 0.03518198641828515 0.038948837403917955 1.4203185978693853 -99.0
138 15.830341893646773 0.5551067417888843 0.2992122156769494 0.024826132070435186 0.033158576792723535 0.03301620698225017 1.8544151064613226 -99.0
139 15.141628518329213 0.4959954788263477 0.1929621221560479 0.024504298013439074 0.03233690320591779 0.030488498268978148 2.094467944542031 -99.0
140 16.405868267216764 0.5975305100657247 0.3985722020126451 0.02529135293171668 0.034258394171127526 0.0362790817710557 1.5606585922839462 -99.0
141 15.918106408671155 0.5995365301874672 0.3503995715282635 0.02488286899263715 0.03329718384667429 0.033433762238545016 1.8170194918994083 -99.0
242 15.638284621913053 0.619746549405186 0.39527044027551905 0.024716163849427708 0.03288530879637415 0.032186343933660023 1.6779884094032915 1.562442190371167
143 15.732334711442864 0.5801347609537962 0.3090304571605053 0.02476771104519973 0.03301421033038464 0.03257894894786929 1.8924849792566933 -99.0
144 16.087765650978465 0.5994611310777918 0.37422497193200965 0.025005691536922992 0.03359245028821224 0.034316557935628524 1.7309759445130257 -99.0
245 14.929809843341554 0.5429289093541645 0.2669445378018591 0.024438425117878887 0.03215846506155843 0.029924165042433122 1.9850312553521918 1.6968895381330216
146 16.525054689622987 0.6202626083982549 0.4178693495636936 0.025420567759907028 0.0345518082820955 0.03713310280818148 1.515201911381727 -99.0
147 14.814544761108928 0.46418314067573707 0.17122068194406326 0.02440738530594956 0.03207264461903445 0.029650123308839132 2.1909522514694824 -99.0
248 15.583536265024502 0.5847824471104996 0.33146052249148483 0.024688051818986294 0.032814357726400914 0.03196930158978898 1.7865733097078331 1.4150889598455554
249 15.157335069133076 0.5531353513494628 0.26603372327743713 0.0245096855938388 0.03235129887742196 0.03053373326953867 1.9940315094181509 1.44667728291074
250 15.031436155289546 0.5532738663477531 0.2785372895186408 0.024468510487786956 0.03224054146069927 0.030184606454573434 1.9648882023754732 1.817403105861814
251 14.45463006675143 0.5158142682928644 0.2172473896263188 0.024328348096712266 0.03184782650436097 0.028922542750058306 2.107681269334281 2.085286259124404
152 15.466047780561171 0.5421233202335691 0.24949595357460294 0.024632079530815473 0.032671592682911046 0.03153040132477181 1.9901480930619762 -99.0
153 17.06436651106714 0.7642925567191525 0.44295219253128437 0.026207132863438214 0.03626274267866164 0.042013858660245686 1.3155240251009295 -99.0
254 16.577557689177652 0.7936274751049012 0.404662224420123 0.02548190161451711 0.03468962561386962 0.03753225715070154 1.319696038003145 1.164163992719636
155 16.618446267575845 0.6386420484250112 0.4268423815319044 0.025531655852270126 0.034800781324715896 0.03785332083661176 1.4791237588946855 -99.0
256 16.769234077098208 0.8128574859307759 0.38223375956706085 0.02573130531614555 0.03524148881085853 0.03911909885003735 1.2967647140670278 1.049630748727791
157 16.300950437408414 0.6513681712212479 0.44626779175884956 0.025188230581479013 0.03402095844872292 0.03558346785131378 1.6259628279275895 -99.0
158 17.293300008614615 0.8013823941614209 0.39449139490814317 0.026670726178766136 0.03722631823585008 0.044704152985116236 1.2712693937367427 -99.0
159 14.192977474227309 0.5709851414436731 0.3414379715547439 0.024284642988497623 0.03171857645040681 0.028496530917262584 2.3198020141094977 -99.0
260 16.81550955752589 0.8489297078594396 0.4068497404765111 0.025798043328943837 0.03538704909267862 0.03953481121525179 1.2893410470259874 1.0493101065676622
261 15.308653732818659 0.5990114938780028 0.32841270087962077 0.024565561181208714 0.03249903833642198 0.030995684102004074 1.8820261044916538 1.3356440950778308
162 15.968794102252856 0.545378936597458 0.30879962220872986 0.024917675334259065 0.03338149436027463 0.03368673275449636 1.780853910112023 -99.0
163 14.628220313545937 0.5348206388548501 0.25533025663856607 0.02436337627333904 0.031948699989995 0.02925088764375449 2.2450040135804006 -99.0
164 16.734122782114362 0.6847521734781917 0.45928960884705217 0.025682439138947147 0.03513437018475506 0.03881244804869989 1.448306960627087 -99.0
165 16.060037483075977 0.5629676569610257 0.33690676736783987 0.02498435250098221 0.03354158701070026 0.0341650969377167 1.7314006929406185 -99.0
166 16.03790501014226 0.584560615426507 0.35411629220201407 0.024967687109703658 0.03350174108695331 0.03404627123573703 1.7585954866468467 -99.0
167 16.449071945138748 0.5931927610572167 0.39409559565543845 0.025336644066695637 0.03436173343767643 0.03658054275916249 1.5449934179365787 -99.0
168 14.905086925519093 0.5472060992029124 0.24672546710770885 0.024431501519429726 0.032139427110094765 0.029863530216760366 2.1823782625305657 -99.0
269 16.612261694925078 0.7253147816550338 0.3400065219207794 0.025524015692519855 0.034783748804058365 0.03780417320412571 1.3369697344333809 1.0090467303114856
