# Binary systems ID's begin with a '2'
ID Gmag (Umag-Bmag) e_Gmag e_(Umag-Bmag) M_ini1 M_ini2
20 14.003211408720247 1.2759170037670235 0.0027647164675082105 0.027206250352948158 1.7878906545322597 1.7878906545322597
21 15.957642268516162 0.30613101025008765 0.0027799690984131034 0.02907809850765437 1.7384878420701184 1.7384878420701184
22 15.975998845123009 0.3060633182229767 0.0027803310999091925 0.029120578954557635 1.7328298225701684 1.7328298225701684
23 16.36417798547382 0.25153398008229993 0.002790065780405733 0.03024619123162606 1.622651888103882 1.622651888103882
24 16.101527878251037 0.2596167952845549 0.0027830208554703727 0.02943464782616187 1.6939114920624305 1.6939114920624305
25 16.735097967167643 0.2931573726696348 0.0028044051646691705 0.03186212817443071 1.5084357229791097 1.5084357229791097
26 16.873217908847053 0.32543615987746255 0.002811500358283232 0.03264856511402439 1.4782319122739203 1.4782319122739203
27 17.367889061603 0.21537016877149712 0.0028484217395010002 0.036648214291720015 1.3508979365912017 1.3508979365912017
28 15.944898682226746 0.5060062914994894 0.002779722214458493 0.02904909628563585 1.77872319950562 1.77872319950562
29 16.908465702127735 0.23743859467715323 0.002813497537015422 0.032868657634725226 1.4643086866878463 1.4643086866878463
210 15.012518813399764 0.8531727474481574 0.0027686886671039993 0.027717784035090367 1.889105840711844 1.889105840711844
211 16.95130519624013 0.28228413612496417 0.002816035645959075 0.03314761894265841 1.4456713667151018 1.4456713667151018
212 14.929020575646776 0.9047017250983224 0.002768160612799239 0.027651477817805588 1.8590610380187824 1.8590610380187824
213 16.348354742735538 0.2634966671143468 0.00278957893613993 0.030190553678529897 1.6272281068811723 1.6272281068811723
214 17.298490010094397 0.2533146864141527 0.002841903325701057 0.03595117498968763 1.3760825824424876 1.3760825824424876
215 16.383690211312388 0.3176235731241033 0.0027906783680562612 0.03031611488106785 1.6190422288214075 1.6190422288214075
216 16.80197193298885 0.24805337057710078 0.00280770088301496 0.032228347754304505 1.493839871361452 1.493839871361452
217 16.739560176014933 0.2932934319988056 0.0028046173223044875 0.03188575382841751 1.5062300172892449 1.5062300172892449
218 16.462268498660922 0.2690599484561505 0.00279328829772312 0.030613021901446925 1.595909734359636 1.595909734359636
219 17.92144633144948 0.14484882463207657 0.0029238528103815386 0.044530457066363105 1.197701249427568 1.197701249427568
220 18.91807360258106 0.34734437058917655 0.003265345390770679 0.078241041758349 1.0369061713727061 1.0369061713727061
221 16.269572412117082 0.2720841764041306 0.0027872817285154697 0.0299271881680871 1.6476120458182633 1.6476120458182633
222 16.138752906557876 0.2781899207315245 0.0027838954971154584 0.02953622081050338 1.6843928655483202 1.6843928655483202
223 16.242631076929236 0.2687066750485058 0.0027865423957399425 0.029842118516534885 1.6555290381967291 1.6555290381967291
224 16.483078361377473 0.27850687286657133 0.00279401962173336 0.030695940050976544 1.5890799036114471 1.5890799036114471
225 16.590968358319895 0.25770603949650545 0.002798102872057079 0.031156848699708153 1.5511189487703678 1.5511189487703678
226 16.492930281603968 0.23337163866231164 0.0027943719586900955 0.030735846780518217 1.58273175716563 1.58273175716563
227 16.908940500409347 0.2551703714396512 0.002813524992215072 0.03287167959583871 1.4648297113779023 1.4648297113779023
228 16.250940404558943 0.25410457472394 0.0027867680014974673 0.02986809388887209 1.6526879334773443 1.6526879334773443
229 18.914566795384854 0.2583672765033798 0.0032633368909405964 0.07804817927876123 1.0368485573560458 1.0368485573560458
230 17.88659988844246 0.2241526060908267 0.0029175720234113716 0.043884384119874824 1.2072202950897999 1.2072202950897999
231 17.920840782849595 0.2042837721474255 0.002923741517275253 0.04451902213738343 1.1986642779593288 1.1986642779593288
232 17.38516275750938 0.19651681999758147 0.0028501261071660054 0.03682993781554955 1.345375329995477 1.345375329995477
233 17.40712246746324 0.29526099884373735 0.002852341952718818 0.03706588105306558 1.341282239971687 1.341282239971687
234 16.112674418596804 0.31277164157421844 0.0027832788660626727 0.029464637663298224 1.6919568837989736 1.6919568837989736
235 15.755477352015628 0.3111314501036441 0.0027764462989420943 0.028661696926565432 1.7720501697768656 1.7720501697768656
236 15.653560143070177 0.32755846424675505 0.0027749559324304444 0.028483667987691544 1.7772357962178957 1.7772357962178957
237 16.715362357752333 0.2837530926487787 0.002803479685640788 0.03175898320581737 1.5177059429947484 1.5177059429947484
238 15.951774360003398 0.31880809135431964 0.0027798549718349927 0.02906469482838514 1.7418221075780465 1.7418221075780465
239 16.180809089055828 0.2503747903326435 0.0027849294411935958 0.029655970229012275 1.6721317320307274 1.6721317320307274
240 17.20964020057455 0.2639987616397742 0.0028342778099527777 0.03513136567936654 1.394188312764323 1.394188312764323
241 14.931096228373427 0.8658155509906776 0.0027681731383653626 0.027653055045160142 1.8643252483349149 1.8643252483349149
242 16.574418770931494 0.28535800058475463 0.0027974433981176666 0.0310826342001568 1.5561301861061179 1.5561301861061179
243 18.148292241162043 0.21208226564666496 0.0029714603767058596 0.04938269948547696 1.1655424799841259 1.1655424799841259
244 14.894095164523183 0.8629398750699365 0.0027679542478113144 0.027625459693160638 1.9094325882447931 1.9094325882447931
245 18.11106062447071 0.14259229067521725 0.002962776712162714 0.04850305711108156 1.170949032422233 1.170949032422233
246 16.926186260895125 0.2782561764459362 0.002814532387290676 0.03298249537889145 1.457115701031815 1.457115701031815
247 17.83386703701829 0.21538080108002075 0.0029085302683886922 0.04295153987115778 1.224054812180823 1.224054812180823
248 16.208562829169377 0.3069735824803304 0.0027856394752165557 0.02973801056749095 1.6659237358548613 1.6659237358548613
249 18.159084680627313 0.23804801717743276 0.0029740473476334668 0.04964433036407254 1.1640357046611367 1.1640357046611367
250 16.06822493522199 0.280360283237148 0.00278226926874231 0.029347155629190113 1.7049675207246775 1.7049675207246775
251 19.00456991928703 0.23577457973855878 0.003317519625511781 0.0832354345660567 1.009040333256393 1.009040333256393
252 16.669107710139606 0.24552098050008478 0.0028013906490017555 0.03152563892976145 1.5311523009818306 1.5311523009818306
253 17.636279421259704 0.2208502784077568 0.0028791061689699186 0.03989058469316442 1.282465030387263 1.282465030387263
254 13.91709322343572 1.2989359731112502 0.0027645447529354825 0.027183154881812832 1.7883513318406175 1.7883513318406175
255 19.004108644691662 0.2918782079879085 0.003317227493248305 0.08320755049679093 1.0097598401011232 1.0097598401011232
256 18.110553404476494 0.21822444449730644 0.002962660942454356 0.04849131465165073 1.1717919508271988 1.1717919508271988
257 16.904365585609156 0.23827942107753264 0.002813261066278991 0.03284262553636994 1.4663921890487754 1.4663921890487754
258 17.101587917644128 0.24745771347932724 0.0028259888327505645 0.03423426396713637 1.4244002855086288 1.4244002855086288
259 16.636187573401454 0.29953282380934243 0.002799969659923895 0.031366486308564735 1.5404295367060705 1.5404295367060705
260 16.461844388521353 0.2895677339448226 0.0027932735731511374 0.03061135120647071 1.5965681532363605 1.5965681532363605
261 16.50196381345234 0.2801328091583039 0.0027946985303023814 0.030772811511670536 1.5805545829021712 1.5805545829021712
262 13.886987036771 1.216324932208465 0.002764488597885805 0.02717557185854185 1.9294379487259885 1.9294379487259885
263 17.617331815682718 0.24895249050445292 0.002876617994919382 0.03962976686345063 1.287574583017017 1.287574583017017
264 18.018820480167506 0.2248720177483292 0.0029427887694651565 0.04646946644611117 1.184493395779391 1.184493395779391
265 16.25170521984255 0.28262647245324996 0.0027867888747330305 0.02987049641199679 1.6532557256821485 1.6532557256821485
266 14.932002904107318 0.8776861073766673 0.0027681786190428483 0.027653745105640275 1.810858128958341 1.810858128958341
267 17.1087288417299 0.18830568344809542 0.002826505629015671 0.03429039226095837 1.4209408202675662 1.4209408202675662
268 18.251420685637726 0.29156266440660666 0.0029975338883488876 0.05201118071305634 1.147608025052211 1.147608025052211
269 17.343285199103455 0.2051412597224378 0.002846051445429112 0.036395128587814726 1.3585227659810224 1.3585227659810224
270 17.591751482923048 0.18148485471295298 0.0028733431109240455 0.03928596428626433 1.2923625252407633 1.2923625252407633
271 17.837935935525657 0.25399040807778794 0.002909208711795618 0.043021652480522005 1.2235470520876388 1.2235470520876388
272 14.951616132996792 0.8138603027741655 0.0027682985771725565 0.02766883820931322 1.8984106222953347 1.8984106222953347
273 17.14870364115207 0.20553505141944262 0.002829477796209128 0.034612674067123816 1.4097277754127344 1.4097277754127344
274 17.330274781458094 0.18951268705272936 0.002844824709959611 0.036263977196708375 1.3627798950399865 1.3627798950399865
275 18.721869688649672 0.3796970102237476 0.003164470379734649 0.06849338994589302 1.063218113688807 1.063218113688807
276 19.043411612354117 0.2995222845129793 0.003342679097959938 0.08563368043373908 1.0000891782430448 1.0000891782430448
277 17.87282065154584 0.1888702666513899 0.002915156581343733 0.04363550703531516 1.2107050909785138 1.2107050909785138
278 16.511680661382396 0.2729457758266071 0.0027950535863886083 0.030812974792610293 1.5757981125810308 1.5757981125810308
279 17.14377605791701 0.2000097546966756 0.0028291040506425082 0.03457219547559202 1.4110293532869493 1.4110293532869493
280 16.681754215091757 0.28766281470205984 0.0028019508954316196 0.03158829048314365 1.5289556172887744 1.5289556172887744
281 17.84691939581264 0.17924242503938967 0.0029107178156749583 0.043177539062862674 1.2186596132665246 1.2186596132665246
282 17.175028234800774 0.20530987385517044 0.002831510483615151 0.03483258997778218 1.402030259519507 1.402030259519507
283 17.3087726701329 0.2359955009477905 0.0028428368397122386 0.036051203068564484 1.3718708045377095 1.3718708045377095
284 18.85651021844666 0.4246922854888934 0.0032312282534700874 0.07495861169087972 1.0447299799457297 1.0447299799457297
285 19.10499534071377 0.467107450688258 0.0033849294589721633 0.08964727505080541 0.9910626881949931 0.9910626881949931
286 18.944593478696355 0.22900284574609922 0.003280797751025709 0.07972330561159094 1.0269121747624508 1.0269121747624508
287 17.89306959225225 0.2563712182338034 0.002918719316650273 0.04400251518785147 1.2058983305242983 1.2058983305242983
288 19.062039640564315 0.41193511321392573 0.0033551470832108086 0.08681983977605004 0.9970962732410411 0.9970962732410411
289 18.61829325388951 0.1980980870340994 0.0031196648843209163 0.06411867404985826 1.0923879627614512 1.0923879627614512
290 18.9875996905756 0.38214348815110427 0.0033068728037522113 0.08221862506311803 1.015127213501621 1.015127213501621
291 16.733219975946795 0.31812864628367243 0.0028043161975618387 0.03185221875282648 1.510455392565546 1.510455392565546
292 14.929124752775987 0.7989363215060787 0.0027681612407505843 0.027651556895145965 1.8681872384970215 1.8681872384970215
293 18.85706279500123 0.38561241060808293 0.0032315239331030983 0.07498711895367599 1.044534525458415 1.044534525458415
294 18.62640537595698 0.286803431399927 0.0031229859419855403 0.0644440112077806 1.0912742152519288 1.0912742152519288
295 18.266366976399837 0.22768076305622578 0.0030015739984764088 0.05241686059686927 1.1447827613128432 1.1447827613128432
296 17.733495554812716 0.13098392649531643 0.0028927548249639565 0.04131555680012212 1.256583183411991 1.256583183411991
297 17.68215866079282 0.2824621553925495 0.0028853587880081242 0.0405445527044247 1.2723625747487717 1.2723625747487717
298 17.26902503348885 0.27137593028381574 0.002839288267288671 0.03567058814253567 1.3872561659077842 1.3872561659077842
299 17.434208403184787 0.2431296120919517 0.0028551527323154376 0.03736467373389556 1.3326700172627546 1.3326700172627546
2100 18.36691262488786 0.2411650754907472 0.003030620932820568 0.05532194184340789 1.131848713675123 1.131848713675123
2101 17.469717107148686 0.2216711363765959 0.0028589717767919932 0.03776978300176893 1.3223853483472916 1.3223853483472916
2102 17.56332917616764 0.23994283627844012 0.0028698148626879615 0.03891488277578892 1.296284400614202 1.296284400614202
2103 17.912415869793083 0.23370337681133949 0.002922201070663424 0.04436069877355572 1.2008765772903007 1.2008765772903007
2104 17.361644183073466 0.17879608014871834 0.0028478137964549296 0.03658334207513247 1.3518991468536612 1.3518991468536612
2105 13.989434103344486 1.2574025376629163 0.0027646878489519496 0.027202410461700542 1.7889985284579661 1.7889985284579661
2106 16.12076701016219 0.28737458091908347 0.0027834682553020216 0.029486636917078063 1.689121093269613 1.689121093269613
2107 18.397497897717827 0.21282895616926542 0.0030401391469909423 0.056269710207199286 1.1254654425635895 1.1254654425635895
2108 16.912246268272522 0.3478830991957679 0.0028137165614286245 0.03289276267936378 1.4671393814886105 1.4671393814886105
2109 18.50042463243658 0.25123934886951893 0.003074726112004462 0.05969787302198262 1.1025984108086078 1.1025984108086078
2110 16.68120953827581 0.3016510949202059 0.0028019265988512257 0.031585574546461506 1.5293963573478249 1.5293963573478249
2111 14.936319578307376 0.8963068131220175 0.002768204790471025 0.02765703970914914 1.8144914451915621 1.8144914451915621
