id x y V eV BV eBV UB eUB VI eVI ra dec d_arcsec
74 4094.36 739.038 13.267 0.024 0.455 0.044 0.034 0.053 0.702 0.046 115.92281568365466 -28.533282073012384 7.9477
523 1422.58 2832.02 14.804 0.023 1.506 0.031 1.091 0.03 1.91 0.029 116.28716039703625 -28.277358269940034 5.1807
653 1720.93 3141.79 15.741 0.026 0.746 0.035 0.23 0.041 2.08 0.039 116.24594241841503 -28.240125437326462 5.8103
709 4108.33 3163.54 15.067 0.027 1.663 0.034 1.116 0.042 1.758 0.047 115.91852374011654 -28.239711073626808 7.8793
743 3030.1 2732.39 15.869 0.034 0.71 0.044 0.129 0.031 1.042 0.044 116.06680993492677 -28.290916877482854 5.5188
789 6.234 212.644 15.699 0.041 1.158 0.076 0.059 0.09 "" "" 116.48395890364617 -28.593222981437638 5.0624
1093 3572.22 1589.27 17.2 0.159 -0.174 0.201 -0.178 0.169 "" "" 115.99358634942968 -28.429841728770256 7.4935
1357 3.392 813.745 16.401 0.042 0.848 0.076 1.221 0.185 1.05 0.096 116.48375952708739 -28.520432761828783 5.0850
1534 3593.04 1580.97 17.442 0.146 -0.416 0.191 0.986 0.195 "" "" 115.99073932222306 -28.430866133826147 5.5426
2557 3518.0 1898.58 17.253 0.021 0.979 0.03 0.463 0.035 1.47 0.03 116.00071869510113 -28.39233684483031 8.4832
3067 6.045 497.944 17.303 0.043 2.426 0.196 -0.643 0.224 1.358 0.053 116.48370521081748 -28.558675706493524 8.2283
3607 674.626 3264.34 17.679 0.03 1.099 0.041 0.767 0.056 1.414 0.034 116.38930776447187 -28.22431314968702 9.3355
4301 1666.52 361.154 18.08 0.038 1.013 0.056 0.129 0.063 1.407 0.049 116.25612915584107 -28.57678326190544 10.8976
4531 306.567 3089.04 18.138 0.037 1.345 0.054 0.485 0.063 1.689 0.039 116.43995353486345 -28.245198150133902 7.0640
4823 2380.3 1525.63 18.262 0.035 1.079 0.046 0.677 0.068 1.582 0.041 116.1571033002634 -28.436439901786702 6.2867
4914 3476.34 1579.52 18.672 0.054 0.984 0.091 0.413 0.15 2.146 0.06 116.00674445954769 -28.430933229352622 7.3688
5508 7.482 32.629 18.31 0.052 1.552 0.077 -0.007 0.109 1.376 0.057 116.48396418421235 -28.61502223507635 11.0654
6777 4.723 437.205 18.888 0.05 0.939 0.117 "" "" 1.437 0.065 116.48394603192051 -28.56602938908382 10.1245
7959 4100.67 4002.08 19.132 0.031 1.237 0.053 0.232 0.093 1.551 0.046 115.91875237779915 -28.138164784902745 11.4670
8046 3522.14 2796.33 19.521 0.058 1.585 0.109 "" "" 2.439 0.072 115.99927110412119 -28.283631761244372 10.8786
8352 4102.03 4053.78 19.218 0.031 1.316 0.054 0.602 0.141 1.622 0.045 115.91851520431868 -28.131905674020768 6.0163
8387 2790.11 2297.52 19.302 0.029 1.016 0.047 0.418 0.094 1.569 0.039 116.10014728972352 -28.34335237479381 9.3941
8498 4.184 1153.45 19.256 0.051 1.491 0.097 "" "" 1.571 0.06 116.48331798407833 -28.479298474071093 10.1478
8798 2.609 705.668 19.457 0.064 1.726 0.127 "" "" 2.351 0.098 116.48397282627461 -28.533519124183137 9.2755
9248 3635.37 1574.82 19.91 0.139 0.06 0.187 1.369 0.202 "" "" 115.98494040265591 -28.43165019039176 8.6596
9502 5.289 763.093 19.426 0.044 1.282 0.083 0.761 0.217 1.441 0.053 116.4835490230458 -28.526567997684484 11.7090
9671 4107.27 3195.46 19.554 0.017 1.139 0.044 0.184 0.128 1.481 0.033 115.91863782022565 -28.23584488176189 9.6670
9880 4104.0 3840.6 19.549 0.026 1.293 0.064 "" "" 1.444 0.043 115.91845397676067 -28.157721562899376 14.7322
10024 1479.4 3893.6 19.409 0.499 1.388 0.67 "" "" "" "" 116.27832794297102 -28.148863913358372 8.6785
10711 3957.05 50.931 20.206 0.097 0.103 0.147 0.911 0.235 1.986 0.119 115.94232015007553 -28.61647759961205 6.0401
10981 4108.1 3505.29 20.137 0.033 1.585 0.083 "" "" 2.376 0.042 115.9182203453931 -28.198328205880497 14.1090
11559 2856.28 656.022 20.025 0.116 0.286 0.213 "" "" 1.185 0.176 116.09268180017237 -28.54218358333096 7.5501
11971 5.653 2.055 20.239 0.047 1.581 0.131 "" "" 2.095 0.057 116.48424496948427 -28.618722753578563 18.2651
12897 4109.96 3624.27 20.107 0.033 1.062 0.072 "" "" 1.478 0.052 115.9178486656345 -28.183922595775307 9.0023
13465 4110.58 2731.14 20.152 0.035 1.24 0.064 "" "" 1.501 0.062 115.91863896361386 -28.29207266652963 13.8779
13646 3287.01 1225.59 20.348 0.369 0.787 0.688 "" "" "" "" 116.03305520229578 -28.473614761471165 9.6634
13673 1716.96 1611.8 20.387 0.07 1.301 0.105 "" "" 1.809 0.072 116.24798633021116 -28.425388891453558 5.5225
14744 2833.8 2720.99 20.484 0.497 0.889 0.701 "" "" "" "" 116.09374081196928 -28.292114825743237 5.7263
15076 3961.95 54.114 20.828 0.094 0.249 0.147 "" "" "" "" 115.94164506644874 -28.6160967238717 7.1878
15245 3978.49 1750.91 20.811 0.093 -0.004 0.193 "" "" "" "" 115.93771388097413 -28.41064634493954 10.6686
15773 1762.35 2047.62 20.571 0.046 1.003 0.086 "" "" 1.58 0.055 116.24133461830249 -28.372657455949724 8.1825
15813 2330.8 766.02 20.883 0.077 0.319 0.101 -0.342 0.121 0.982 0.1 116.16463597319334 -28.528375386429786 5.3028
16595 3888.83 44.651 20.414 0.534 1.313 0.62 "" "" "" "" 115.95168169064885 -28.61717462944572 6.0540
16821 3031.08 2679.95 21.288 0.052 1.593 0.179 "" "" 2.518 0.059 116.0667269365146 -28.297267770571473 7.4580
17026 4110.63 3955.06 20.713 0.035 1.366 0.101 "" "" 1.643 0.059 115.91743259040506 -28.143867715775055 9.6310
17330 3195.89 1449.76 20.52 0.437 1.297 0.473 "" "" 1.369 0.419 116.04533129139347 -28.4463852139696 5.8203
17353 652.925 122.341 21.323 0.558 1.724 0.647 "" "" 2.139 0.528 116.39536309371367 -28.604758981419447 5.8863
17405 3034.68 484.249 20.737 0.05 1.329 0.109 "" "" 1.606 0.081 116.06838516983869 -28.563149492092485 8.3635
17685 3972.17 1041.18 21.447 0.052 0.096 0.09 -0.837 0.124 "" "" 115.93927615631148 -28.49658197960934 9.1588
18063 1489.4 1995.91 21.492 0.082 0.161 0.113 -0.316 0.154 "" "" 116.27881643990857 -28.378665304705137 11.8819
18289 4110.71 3102.47 20.82 0.044 1.406 0.131 "" "" 1.428 0.069 115.9182572098914 -28.247108278568575 8.2064
18405 704.172 3056.11 21.171 0.067 1.532 0.166 "" "" 1.95 0.071 116.38546003626313 -28.249555275895453 8.3722
18604 48.017 65.053 21.194 0.097 0.484 0.154 "" "" "" "" 116.47837361804132 -28.611133680801856 6.4732
19285 763.367 574.907 22.091 0.101 -0.38 0.128 "" "" 2.671 0.106 116.3797740292677 -28.550060238649987 5.0186
19649 5.971 11.157 21.253 0.084 0.513 0.164 -0.935 0.537 0.929 0.32 116.48419243986953 -28.61762088411474 16.9595
19955 2994.74 1240.05 21.213 0.06 1.075 0.12 "" "" 1.794 0.078 116.07312163167668 -28.47159209649047 10.3272
20122 2108.1 283.594 21.553 0.084 -0.081 0.118 "" "" 1.681 0.097 116.19564886248108 -28.586585533130798 8.5729
20335 7.4 345.762 21.141 0.088 1.329 0.195 "" "" 1.552 0.099 116.48366853984031 -28.5771047497045 7.6525
20460 1532.47 1442.03 21.512 0.097 1.242 0.174 "" "" 2.027 0.102 116.273452848939 -28.445774909578606 7.1179
20560 3264.76 2722.85 20.43 0.499 2.103 0.619 "" "" "" "" 116.03463906147157 -28.292290222670054 7.7319
20645 1500.14 2002.56 21.63 0.073 0.144 0.102 "" "" 1.638 0.102 116.27733708692037 -28.377870037377015 10.1176
21023 3075.87 1576.97 21.286 0.045 0.892 0.139 "" "" 1.432 0.074 116.06166562400794 -28.430869728658532 6.3717
21028 3675.71 3059.88 21.708 0.062 0.146 0.097 "" "" "" "" 115.97795290581662 -28.25186113916594 12.6789
21034 1805.44 64.141 21.92 0.115 0.339 0.18 "" "" 2.34 0.122 116.23736937905024 -28.61287783489153 10.4956
21041 971.067 109.583 22.07 0.126 -0.197 0.156 "" "" 2.15 0.143 116.35174702586205 -28.606599601384683 9.3803
21044 499.171 1008.45 21.731 0.129 0.236 0.182 "" "" "" "" 116.41557978884366 -28.497316731524304 7.5176
21447 1217.08 504.875 21.55 0.416 0.502 0.658 "" "" 1.704 0.473 116.31762249263392 -28.558962220099023 8.7162
21524 522.964 936.253 21.665 0.104 0.429 0.155 "" "" 1.847 0.106 116.41238768067606 -28.506081215422572 5.9241
21546 2955.1 1457.16 21.491 0.066 1.075 0.146 "" "" 1.776 0.077 116.07834490297236 -28.445265303784396 10.1386
21586 2458.46 1264.06 21.554 0.086 1.186 0.205 "" "" 1.849 0.096 116.14664114190845 -28.468186183556146 10.4632
21589 734.62 2109.59 20.764 0.408 0.311 0.748 "" "" 0.957 0.389 116.38221218114738 -28.364198093061397 10.2793
21673 1896.75 548.574 21.579 0.126 0.959 0.187 "" "" 1.822 0.131 116.22437275993695 -28.55430251812124 11.2311
21695 2041.65 9.568 21.984 0.083 -0.423 0.139 "" "" 2.087 0.098 116.20503008061846 -28.61970568624177 6.2149
21772 738.927 377.86 21.865 0.094 -0.191 0.221 "" "" 2.069 0.104 116.38331873970456 -28.573898024621293 6.7822
21798 1145.04 139.666 21.811 0.125 -0.021 0.549 "" "" 2.023 0.132 116.32785966329354 -28.60311856522576 5.6609
21857 2449.32 2548.43 21.54 0.081 1.093 0.178 "" "" 1.759 0.093 116.14663579951527 -28.312652773275076 11.3262
21874 2795.46 2133.65 21.944 0.092 0.07 0.134 "" "" "" "" 116.09957421726256 -28.363200436728594 7.8740
21878 673.097 238.476 22.495 0.187 0.339 0.302 "" "" 2.727 0.186 116.39248297642172 -28.590714896618547 10.7143
21957 1228.09 1907.8 21.549 0.108 1.233 0.229 "" "" 1.75 0.12 116.31473767818247 -28.38909166572867 6.5998
21961 111.477 1941.46 21.551 0.08 1.215 0.192 "" "" 1.735 0.089 116.46783200378366 -28.38397774626308 9.1420
21969 2378.06 59.095 21.43 0.08 1.406 0.19 "" "" 1.594 0.095 116.1588477778146 -28.614021171000985 6.3390
22024 1279.77 1693.34 21.572 0.084 1.01 0.147 "" "" 1.745 0.095 116.30786069795542 -28.415108761314777 8.3633
22050 2404.04 1405.61 21.699 0.148 1.007 0.214 "" "" 1.875 0.15 116.15396532974282 -28.450995243977175 5.0974
22065 3349.06 3082.17 21.904 0.086 0.716 0.167 "" "" 2.133 0.093 116.02272638080629 -28.248858376106615 6.9080
22070 2085.87 476.831 21.642 0.128 2.337 0.631 "" "" 1.824 0.134 116.19850800121625 -28.563165716750206 9.2955
22081 2177.58 1320.93 21.479 0.076 1.17 0.167 "" "" 1.609 0.096 116.18510403322085 -28.461038661771696 6.3245
22086 905.924 3458.86 21.506 0.055 1.106 0.134 "" "" 1.645 0.073 116.35739794938868 -28.200973656685022 5.6544
22143 1713.56 1109.27 21.566 0.107 0.972 0.188 "" "" 1.688 0.121 116.24894510113526 -28.486237303804526 8.5054
22145 3082.05 501.413 21.623 0.086 1.115 0.219 "" "" 1.794 0.099 116.06187223805985 -28.561115131647384 12.3307
22157 1037.71 1425.53 21.545 0.095 0.968 0.177 "" "" 1.644 0.107 116.34131819428293 -28.4473129673479 8.0200
22219 3421.45 2559.4 21.912 0.093 -0.054 0.564 "" "" 2.084 0.099 116.0133114864239 -28.312228113942112 8.0609
22223 1554.1 1009.04 21.623 0.113 1.488 0.279 "" "" 1.769 0.12 116.27091096412009 -28.498225961693944 9.1474
22228 3818.52 2418.93 20.331 0.479 2.157 0.746 "" "" 0.445 0.456 115.95899675110677 -28.329606807041426 8.7880
22260 1500.42 1284.82 21.522 0.11 1.365 0.211 "" "" 1.634 0.117 116.27800211805597 -28.4647817418111 6.9533
22279 1348.73 254.705 21.591 0.09 1.29 0.33 "" "" 1.669 0.094 116.29981378213496 -28.58937779587203 9.2972
22284 915.758 2140.5 21.612 0.084 1.281 0.226 "" "" 1.723 0.092 116.35734143200291 -28.36062357578038 6.2958
22301 1468.29 675.258 21.632 0.107 0.897 0.191 "" "" 1.719 0.12 116.28300569063276 -28.53856399718216 6.1043
22311 2920.41 1001.13 21.859 0.133 0.943 0.272 "" "" 1.985 0.138 116.08354907175625 -28.500453923684855 5.6251
22368 3056.71 931.54 21.601 0.08 1.078 0.19 "" "" 1.727 0.106 116.06492570160644 -28.509007312572283 6.9466
22397 1262.49 1607.24 21.57 0.062 1.193 0.187 "" "" 1.643 0.078 116.31031478316108 -28.42551858353083 8.2190
22406 1940.21 915.298 21.643 0.107 0.803 0.165 "" "" 1.662 0.116 116.21805343790393 -28.509936152715138 7.8986
22412 1963.49 1244.53 21.845 0.106 0.137 0.141 "" "" 0.842 0.152 116.21453825529872 -28.470090950105465 10.4262
22413 867.129 242.103 21.7 0.083 0.417 0.205 "" "" 1.714 0.102 116.36587074077427 -28.590456075901226 5.4546
22472 3920.29 3836.4 21.77 0.094 0.573 0.147 "" "" "" "" 115.94365126105268 -28.158059363876177 5.6818
22477 489.178 596.958 21.686 0.077 0.641 0.178 "" "" 1.703 0.093 116.41735347150436 -28.547135184521753 5.0224
22479 1273.0 177.056 21.989 0.112 -0.484 0.198 "" "" 1.877 0.122 116.31027515651479 -28.598709947118426 7.8720
22484 561.415 3280.17 21.974 0.1 -0.078 0.558 "" "" 2.079 0.107 116.40481750047924 -28.222291046021738 8.6984
22490 1588.41 897.829 21.489 0.105 1.182 0.193 "" "" 1.487 0.116 116.26631483769923 -28.51172444428733 5.3537
22511 1078.64 739.739 22.17 0.109 -0.277 0.148 "" "" 2.001 0.116 116.3363773541907 -28.530393742366282 5.6442
22517 3600.56 3092.67 20.307 0.381 1.03 0.443 "" "" -0.285 0.373 115.98822650461722 -28.247820723754877 6.4902
22551 1841.66 69.236 21.512 0.082 1.363 0.319 "" "" 1.468 0.104 116.23239733677782 -28.61229454966605 7.8585
22588 872.382 1409.6 22.108 0.14 0.118 0.193 "" "" "" "" 116.3640061493978 -28.449088247158873 9.3241
22591 1712.76 1703.62 21.763 0.094 1.0 0.198 "" "" 1.806 0.1 116.248472310219 -28.4142664639439 9.9493
22624 1648.51 48.335 21.781 0.097 0.078 0.238 "" "" 1.719 0.107 116.25890554846485 -28.61464590636191 6.4842
22669 1912.68 1799.17 21.705 0.106 1.292 0.233 "" "" 1.781 0.12 116.2209625304164 -28.40288212131779 5.1958
22678 2046.97 2395.05 21.744 0.08 0.712 0.157 "" "" 1.723 0.09 116.20196260139205 -28.330851594241306 7.4134
22679 499.597 678.799 22.134 0.103 -0.159 0.139 "" "" 1.875 0.113 116.41584444724367 -28.53723470838008 5.1501
22770 3994.9 362.331 21.646 0.082 1.263 0.212 "" "" 1.662 0.107 115.93682437926286 -28.578805225954337 5.1362
22800 3416.64 4033.74 21.716 0.069 0.559 0.166 "" "" 1.608 0.082 116.01252616497504 -28.133695180176467 8.8028
22809 3317.09 1398.11 21.992 0.112 0.958 0.252 "" "" 1.991 0.115 116.0287610854349 -28.452752203444994 6.2638
22818 2401.31 2529.7 21.708 0.082 1.249 0.227 "" "" 1.703 0.095 116.15323803280843 -28.3148761663802 7.4558
22834 137.195 2489.93 21.89 0.115 -0.172 0.53 "" "" 1.836 0.123 116.46376761811416 -28.317587186683973 5.4263
22897 728.935 239.609 21.941 0.105 -0.418 0.22 "" "" 1.745 0.116 116.38482449234336 -28.590629608777842 8.4608
22916 3690.51 244.648 21.729 0.079 1.105 0.216 "" "" 1.748 0.112 115.97868239947483 -28.592772546580942 11.2496
22980 3606.21 1065.76 21.663 0.084 1.326 0.253 "" "" 1.571 0.1 115.98943818460668 -28.493265376463352 7.3658
22985 1221.89 432.046 21.964 0.135 0.991 0.31 "" "" 1.931 0.142 116.31703424761223 -28.567785586343927 5.6701
22995 3223.59 2134.61 21.925 0.112 0.222 0.614 "" "" 1.831 0.113 116.04086144236699 -28.363482184242137 14.3398
23012 3247.2 1639.56 21.903 0.102 1.257 0.323 "" "" 1.901 0.114 116.03810885179507 -28.423449948979073 10.1320
23082 2947.75 1168.8 21.865 0.116 0.881 0.235 "" "" 1.777 0.128 116.0796354595414 -28.480176107102924 7.7458
23130 1273.65 1668.85 21.842 0.115 1.194 0.243 "" "" 1.733 0.119 116.30872396909035 -28.418068576689592 11.3162
23146 2963.36 97.281 21.886 0.096 0.765 0.333 "" "" 1.827 0.121 116.0785449280678 -28.609941313172556 5.7575
23166 2242.23 1420.01 21.739 0.093 1.433 0.28 "" "" 1.621 0.107 116.17614111681218 -28.449101121463332 6.8488
23265 3257.19 1602.15 21.837 0.079 1.449 0.366 "" "" 1.773 0.102 116.03677553194753 -28.42798922872194 7.3840
23284 2999.02 3161.93 22.024 0.098 0.184 0.594 "" "" 1.902 0.108 116.07065113170579 -28.23887480252257 6.1991
23300 3274.31 2186.25 21.742 0.092 1.331 0.233 "" "" 1.562 0.104 116.03385531797804 -28.357276224381078 11.3760
23308 1082.13 300.115 22.014 0.123 1.152 0.336 "" "" 1.914 0.134 116.33632960959373 -28.583631245242046 5.0745
23313 1107.3 1185.78 21.763 0.098 1.283 0.231 "" "" 1.587 0.11 116.33200990247751 -28.476409089202118 5.3510
23332 633.022 493.439 22.306 0.089 -0.405 0.149 "" "" 1.994 0.103 116.39772880341815 -28.559804063542163 5.4715
23353 2595.62 2706.29 20.29 0.466 0.092 0.707 "" "" 0.031 0.446 116.12641815916868 -28.293673440312133 6.7532
23384 3253.43 2639.77 21.912 0.087 -0.046 0.55 "" "" 1.659 0.114 116.03627423049494 -28.302339882977076 5.6975
23424 1736.25 108.492 20.0 0.481 1.606 0.584 "" "" -0.221 0.457 116.24681431961105 -28.607443033517825 5.5455
23447 558.173 1938.77 22.099 0.111 1.109 0.312 "" "" 1.972 0.121 116.40657674787957 -28.38471873299702 8.5403
23464 4092.25 3852.6 21.944 0.095 0.624 0.217 "" "" 1.69 0.115 115.9200535584929 -28.15625755482916 14.2762
23481 888.182 167.342 22.309 0.138 -0.147 0.207 "" "" 1.911 0.156 116.36305689683293 -28.599528488524204 5.7166
23598 1140.3 50.16 22.48 0.156 -0.076 0.28 "" "" 2.195 0.16 116.3285974070536 -28.613952478762233 9.8100
23631 2806.6 758.077 22.278 0.113 -0.392 0.418 "" "" 2.022 0.128 116.09939467311399 -28.529779516580906 10.4438
922 378.026 309.273 15.719 0.036 1.13 0.051 0.494 0.052 1.138 0.057 116.43287830871485 -28.58186775632792 9.9142
1934 1366.54 3962.07 17.145 0.165 0.872 0.201 -0.129 0.139 "" "" 116.29373795398921 -28.14046793583091 11.4038
4132 2505.71 3713.06 17.969 0.021 0.87 0.042 0.961 0.062 1.276 0.036 116.13776131842688 -28.17167964830502 5.9649
5317 3958.87 110.788 18.472 0.023 0.995 0.041 0.244 0.077 1.316 0.046 115.94201189989298 -28.60923118172592 6.1752
5385 81.8 3980.31 18.354 0.047 2.195 0.15 "" "" 1.427 0.053 116.46990357721977 -28.137064938076787 5.5926
5762 391.744 2592.77 18.71 0.158 0.861 0.253 "" "" "" "" 116.42875911685131 -28.30537087854935 8.9430
5270 33.623 178.032 18.326 0.043 1.394 0.075 0.354 0.099 1.538 0.053 116.48023682051823 -28.597439624462062 9.3891
6409 3710.86 44.813 18.742 0.021 1.315 0.05 "" "" 1.354 0.044 115.97608754197762 -28.61698956994016 6.7518
6506 431.7 1149.94 19.275 0.079 1.483 0.108 "" "" 2.17 0.078 116.42469379127087 -28.480120925018873 5.5858
6684 3979.35 1364.46 18.877 0.028 1.019 0.043 0.178 0.057 1.477 0.041 115.93797468904732 -28.45744254049415 5.5367
6201 3630.17 333.859 18.752 0.024 1.516 0.046 "" "" 2.113 0.041 115.98686972506106 -28.58191385564194 6.0569
7033 659.278 90.266 18.696 0.055 1.522 0.073 0.478 0.108 1.46 0.064 116.39452330715896 -28.608648862731403 8.2005
3779 140.364 428.558 17.746 0.04 1.195 0.059 0.201 0.075 1.345 0.051 116.46535330621818 -28.5672025513743 5.2693
7260 552.538 272.008 19.837 0.078 -0.351 0.094 0.531 0.076 1.783 0.084 116.40898303525395 -28.5865424194071 6.4132
7537 1122.36 47.74 19.032 0.048 1.753 0.075 "" "" 1.848 0.058 116.33105999019209 -28.614228840379198 6.3679
7585 154.768 693.785 18.914 0.045 1.308 0.08 0.406 0.1 1.354 0.055 116.46311806738187 -28.535099490413444 8.5284
3293 69.514 111.193 17.416 0.039 1.303 0.059 0.307 0.069 1.19 0.047 116.47538039555302 -28.605566552277452 11.2230
7631 436.06 149.875 18.834 0.058 1.476 0.073 0.81 0.102 1.528 0.067 116.42507600520987 -28.601223277488426 8.9440
7455 3599.0 630.822 19.06 0.033 1.021 0.048 0.337 0.077 1.514 0.045 115.99085319760366 -28.545925502754336 5.4639
7657 3600.94 48.488 19.089 0.028 1.075 0.05 0.363 0.09 1.438 0.048 115.99115787760216 -28.6164423797827 7.3132
3541 3472.75 158.634 17.696 0.023 1.483 0.047 1.08 0.093 1.949 0.044 116.00862933125201 -28.602985586622104 5.2565
323 2490.25 760.851 14.933 0.036 0.413 0.047 0.087 0.041 0.844 0.042 116.14277477902804 -28.529149529316474 5.1467
8812 3748.0 945.528 19.387 0.03 1.112 0.052 0.234 0.101 1.624 0.043 115.97011157265892 -28.507956130394245 5.0101
7933 961.177 328.916 19.127 0.056 1.491 0.083 "" "" 1.671 0.064 116.35288833649365 -28.58003128058107 7.6076
7625 94.877 787.346 19.3 0.052 1.695 0.095 "" "" 2.055 0.06 116.47123955584959 -28.523714473505823 5.0577
9147 197.341 869.592 19.383 0.052 1.243 0.085 0.491 0.147 1.528 0.058 116.45710749489604 -28.51385052177811 6.6587
5151 4037.68 803.132 18.43 0.018 1.306 0.038 "" "" 1.908 0.036 115.93052570940038 -28.525468212741696 6.7308
9528 517.933 524.969 19.468 0.06 1.256 0.101 0.523 0.154 1.557 0.067 116.41348069298907 -28.555879094340302 6.3370
4799 2133.74 4076.99 18.255 0.021 1.147 0.036 0.368 0.062 1.548 0.032 116.18841494750308 -28.127265421289955 5.6845
9814 4086.35 1751.73 20.766 0.237 -0.433 0.274 "" "" "" "" 115.92292163916451 -28.41064731862244 8.4195
10100 3620.8 108.752 19.623 0.027 1.102 0.056 0.198 0.125 1.467 0.048 115.98837530359131 -28.609163448273247 6.5048
10209 212.635 774.824 19.496 0.055 1.113 0.086 0.48 0.109 1.319 0.062 116.45510302254955 -28.52534023697454 8.0688
10473 1720.49 3832.95 20.378 0.038 0.464 0.165 0.937 0.28 2.465 0.042 116.24532537898921 -28.15643216774384 5.5961
9043 130.368 583.334 19.38 0.054 1.406 0.089 "" "" 1.593 0.063 116.46657242302295 -28.548451366823834 5.2137
2277 758.952 708.06 17.02 0.04 1.032 0.056 0.544 0.067 1.404 0.046 116.38024898454711 -28.533932580593284 6.4824
10818 4015.3 586.848 19.762 0.024 0.973 0.057 0.331 0.133 1.292 0.047 115.93380677408365 -28.551637330284333 5.8198
9349 921.511 596.468 19.531 0.056 1.421 0.081 "" "" 1.885 0.065 116.358065737069 -28.54759642031132 5.2188
11164 3694.44 291.203 19.835 0.033 1.227 0.088 0.611 0.228 1.636 0.056 115.97809783009936 -28.58713883505361 6.7964
11183 1261.6 4076.49 20.86 0.272 -0.2 0.299 "" "" 0.237 0.471 116.30801681780815 -28.126515215632942 9.7407
11263 3296.3 4026.53 19.901 0.031 1.04 0.075 "" "" 1.647 0.046 116.02903612077745 -28.13445637278727 5.3569
9025 991.704 434.828 19.48 0.05 1.568 0.09 "" "" 1.803 0.058 116.34859819996382 -28.56723472935172 5.5630
3740 3969.13 1017.39 17.775 0.021 1.057 0.034 0.444 0.039 1.377 0.037 115.93971636397424 -28.49945989488586 5.1468
11851 1246.83 390.144 19.967 0.066 1.509 0.101 "" "" 1.741 0.072 116.31365515404056 -28.572882701974876 5.6596
214 1120.81 2805.79 14.467 0.021 0.727 0.03 0.248 0.028 "" "" 116.32856949263062 -28.28025394319074 5.4310
7243 372.045 86.502 18.749 0.049 1.624 0.066 "" "" 1.535 0.061 116.43391684551445 -28.6088376321697 11.1112
12105 45.414 822.781 20.043 0.051 1.705 0.109 "" "" 1.769 0.059 116.47798796205468 -28.519377652827213 5.1452
12477 3570.67 97.265 20.03 0.037 1.355 0.131 "" "" 1.512 0.064 115.99526116562313 -28.610507812629667 6.1327
12512 4073.18 1751.02 20.532 0.094 -0.149 0.168 "" "" 2.05 0.223 115.92472840992504 -28.4107210498508 6.8889
12643 3074.32 56.887 20.045 0.033 1.465 0.089 "" "" 1.637 0.062 116.06336795835813 -28.61493578956903 5.1491
12759 20.717 813.036 20.217 0.06 1.8 0.162 "" "" 1.783 0.065 116.48138434891057 -28.52053472045184 9.6017
12761 198.873 315.347 20.13 0.056 1.436 0.094 "" "" 1.791 0.066 116.45744059725297 -28.580965710479415 9.6501
12763 498.914 136.669 19.993 0.07 1.623 0.112 "" "" 1.596 0.079 116.41646943135666 -28.602880827452054 11.6967
12778 1839.42 3813.8 20.392 0.036 0.919 0.092 "" "" 2.01 0.042 116.2290346186944 -28.158861608076577 5.5937
12834 540.851 166.609 19.984 0.063 1.465 0.113 "" "" 1.471 0.076 116.4106890356458 -28.599294365116442 7.8724
12976 85.851 15.15 20.024 0.06 1.446 0.109 -0.058 0.191 1.486 0.066 116.47323414042773 -28.617211627354397 7.0555
9132 55.065 621.578 19.189 0.05 2.785 0.162 "" "" 1.3 0.056 116.47686165830602 -28.543750381985326 6.0689
7310 1082.29 285.588 18.932 0.05 1.131 0.076 0.361 0.108 1.429 0.058 116.3363219052573 -28.58539047463444 6.1451
8743 3974.48 705.772 19.348 0.026 1.329 0.049 "" "" 1.682 0.039 115.93928809358682 -28.5371988254489 6.2567
11236 1143.06 188.372 19.708 0.066 1.251 0.1 "" "" 1.384 0.076 116.32808345678303 -28.597218894186188 6.7385
13734 440.283 313.696 20.329 0.076 1.777 0.193 "" "" 1.716 0.081 116.42433632727459 -28.581390048150013 5.6669
13745 3982.18 741.221 20.519 0.035 1.614 0.104 "" "" 2.435 0.051 115.93819740782601 -28.53291344885354 5.1827
13749 409.53 442.901 20.212 0.063 1.378 0.102 "" "" 1.59 0.069 116.42842702739857 -28.565715971012466 9.8080
10239 1079.66 2.17 19.527 0.054 1.733 0.1 "" "" 1.515 0.064 116.33696033866721 -28.619707236818943 6.5925
13886 1647.72 3737.4 20.388 0.045 1.264 0.089 "" "" 1.768 0.05 116.25539837627764 -28.167934710398935 5.8237
13920 845.37 545.952 20.312 0.073 1.539 0.115 "" "" 1.738 0.078 116.36855688215229 -28.553642642891457 6.4117
13950 1212.87 589.802 20.335 0.08 1.313 0.118 "" "" 1.703 0.083 116.3181165995585 -28.548674459616826 5.2189
14028 3695.55 585.037 20.276 0.04 1.068 0.073 "" "" 1.481 0.056 115.9776576343767 -28.551559381957375 7.1161
14150 677.117 372.95 20.354 0.067 1.932 0.164 "" "" 1.712 0.074 116.39179989885314 -28.574435119373955 9.2783
14186 482.348 1627.24 20.738 0.081 -0.306 0.14 "" "" 1.602 0.119 116.4172803678145 -28.422371546435595 8.1423
14190 3853.87 582.353 20.286 0.031 1.148 0.054 "" "" 1.52 0.053 115.95594896790726 -28.552031564668923 5.7518
14322 3867.28 412.596 20.483 0.04 1.568 0.122 "" "" 2.011 0.055 115.95427635270238 -28.572599978620264 5.1042
14532 4044.18 741.802 20.462 0.034 1.269 0.096 "" "" 1.869 0.05 115.9296944356116 -28.532900731191877 6.0126
14645 3592.4 2525.31 21.282 0.396 -0.332 0.513 "" "" "" "" 115.98990157802324 -28.31651500363673 18.3222
6182 3657.5 108.58 18.698 0.023 1.243 0.059 0.29 0.114 1.433 0.053 115.983342598247 -28.609218392547856 5.0773
2991 1888.53 4005.37 17.398 0.027 1.117 0.041 0.256 0.047 1.319 0.035 116.22211214255162 -28.135709967883596 5.3977
15102 3739.22 571.778 20.437 0.05 1.071 0.08 "" "" 1.527 0.066 115.97168192045532 -28.553205516057748 5.4957
15121 191.94 929.193 20.498 0.064 1.174 0.109 "" "" 1.65 0.069 116.45778975126414 -28.50662839032119 5.9912
15363 190.662 364.232 20.378 0.063 1.426 0.184 "" "" 1.42 0.07 116.4585187067928 -28.57503857184748 8.5360
8785 3769.75 958.65 19.338 0.029 1.154 0.045 0.536 0.099 1.584 0.04 115.96711601454057 -28.506387400829222 5.8184
15674 1002.82 15.384 20.571 0.072 1.589 0.14 "" "" 1.732 0.08 116.34748488218874 -28.6180357165935 5.5008
15702 3947.96 842.721 20.718 0.034 1.533 0.109 "" "" 2.235 0.052 115.94279070942301 -28.52059095907618 5.9483
15720 103.389 277.503 20.849 0.079 1.177 0.121 "" "" 2.002 0.081 116.47057193553921 -28.58545949368565 9.6202
8026 4001.26 51.926 19.151 0.028 1.209 0.053 "" "" 1.416 0.046 115.93625641317698 -28.616398212734655 7.9015
15860 2229.5 3824.93 20.66 0.039 1.302 0.104 "" "" 1.793 0.049 116.17552988345601 -28.157876494236742 5.3477
8494 549.563 7.411 19.067 0.059 1.408 0.082 0.198 0.104 1.324 0.064 116.40965033469064 -28.618579817921255 9.0913
16116 2789.4 3938.89 20.607 0.03 1.152 0.082 "" "" 1.726 0.089 116.09863601299323 -28.144597518162588 5.0367
13225 2405.9 325.307 20.52 0.064 1.711 0.138 "" "" 2.255 0.074 116.15476902065024 -28.581811326220443 10.9693
16309 729.198 596.668 20.546 0.067 1.517 0.123 "" "" 1.536 0.072 116.38443848604808 -28.547393425959996 12.0823
3071 510.785 876.285 17.468 0.039 1.203 0.064 0.623 0.085 1.558 0.045 116.41411662659046 -28.5133314445067 5.2680
16880 3439.98 413.062 20.656 0.043 1.214 0.089 "" "" 1.509 0.063 116.01287390754169 -28.572146327732764 5.3334
17311 715.006 506.315 20.788 0.07 1.506 0.129 "" "" 1.734 0.08 116.38647326494018 -28.558321116406944 6.5078
17335 44.974 240.121 20.758 0.088 1.32 0.146 "" "" 1.592 0.09 116.47861934411218 -28.589931792861265 13.9374
13632 3164.92 4076.76 20.199 0.025 1.355 0.065 "" "" 1.593 0.08 116.0470037581082 -28.12825186828112 5.8559
17637 4032.92 693.194 20.847 0.04 1.047 0.08 "" "" 1.696 0.064 115.93128622048026 -28.53877622732082 5.9737
4645 3706.97 136.005 18.18 0.022 1.51 0.054 0.796 0.099 1.86 0.042 115.97653162544987 -28.60594347539898 5.2695
18194 191.124 478.877 20.827 0.067 1.327 0.137 "" "" 1.53 0.078 116.45834299106883 -28.56115658915371 5.5763
11382 1356.97 162.306 19.739 0.053 1.343 0.085 0.066 0.148 1.437 0.063 116.2987743420453 -28.600574090367914 6.2565
18378 4037.72 228.095 20.896 0.039 1.217 0.114 -0.248 0.422 1.551 0.065 115.93108379539787 -28.595099726652627 5.8619
18444 920.196 131.638 21.122 0.102 1.616 0.229 "" "" 1.882 0.107 116.35870163211007 -28.603881661747064 14.5609
7704 667.141 48.576 19.065 0.052 1.991 0.083 0.914 0.23 1.994 0.062 116.3934858692433 -28.613704432225767 7.3115
7197 4092.42 1213.85 19.01 0.024 1.206 0.047 0.283 0.086 1.696 0.035 115.9226163817902 -28.475785081035912 6.0301
14384 319.521 731.451 20.378 0.069 1.491 0.12 "" "" 1.676 0.073 116.44048766258722 -28.530691654522574 6.1539
19030 3988.46 193.863 21.079 0.06 0.799 0.196 "" "" 1.682 0.088 115.9378726410101 -28.599199101566516 5.0918
15030 419.284 29.602 20.299 0.07 1.56 0.117 "" "" 1.484 0.08 116.4274944657383 -28.61577159144111 7.9419
19553 42.7 279.222 21.051 0.094 1.432 0.184 "" "" 1.587 0.097 116.47889286893445 -28.585194922081712 9.7231
19564 3604.86 84.298 21.14 0.059 0.947 0.225 "" "" 1.692 0.08 115.99058521033895 -28.612109775613366 5.4204
19685 3626.11 12.466 21.01 0.058 1.354 0.144 "" "" 1.481 0.082 115.98774148009932 -28.620827697504655 8.0013
15048 650.206 384.967 20.719 0.069 1.658 0.132 "" "" 2.046 0.074 116.3954785756797 -28.572954958935238 6.7958
20151 1384.33 166.381 21.649 0.076 -0.138 0.114 "" "" 1.82 0.103 116.29501832022233 -28.600106081026706 13.4457
20179 509.784 34.074 21.206 0.079 0.691 0.153 "" "" 1.531 0.099 116.41507931752909 -28.615314204833535 6.0977
6856 1264.52 105.588 18.75 0.043 1.392 0.067 0.437 0.103 1.474 0.056 116.3115081088105 -28.607356154760975 12.6122
20679 1393.4 777.938 21.426 0.099 0.959 0.175 "" "" 1.811 0.103 116.29317513772263 -28.526060813422905 17.1753
9565 396.627 65.378 19.478 0.057 1.624 0.085 "" "" 1.694 0.063 116.43056648275177 -28.611418398076815 10.4073
20888 2474.44 390.578 22.053 0.135 -0.201 0.234 "" "" 2.448 0.143 116.14530578192083 -28.57397134839533 10.2907
20911 2317.5 1204.25 21.302 0.104 1.586 0.251 "" "" 1.661 0.111 116.16603038353517 -28.47529756412817 8.7945
6558 3305.26 336.489 18.9 0.033 1.588 0.061 "" "" 2.244 0.051 116.03142385223228 -28.581293347929698 6.0054
21208 2889.7 68.21 21.714 0.109 0.874 0.297 "" "" 2.081 0.116 116.08867482249244 -28.613393057878472 8.5867
16863 3214.67 50.346 20.667 0.059 1.705 0.192 "" "" 1.564 0.067 116.0441273974409 -28.615858312954956 6.4791
16183 3432.99 245.226 20.606 0.03 1.264 0.091 "" "" 1.632 0.055 116.01399697443125 -28.59246316290813 5.1197
21311 4013.98 593.278 21.424 0.06 0.993 0.226 "" "" 1.751 0.083 115.93398149118882 -28.550857491742732 5.2106
21374 2017.51 1087.26 21.502 0.084 1.131 0.164 "" "" 1.793 0.089 116.20728432823711 -28.4891850593759 18.8297
21397 1090.88 311.91 21.432 0.083 1.129 0.309 "" "" 1.723 0.103 116.33511811389369 -28.582211117733614 11.4342
21498 3135.58 1575.23 22.29 0.386 -0.116 0.44 "" "" "" "" 116.05347896687688 -28.431135933072373 11.2933
21698 3725.29 3198.67 21.717 0.051 -0.09 0.099 "" "" 1.675 0.08 115.97101770360226 -28.235101088705694 5.3972
14502 325.304 351.948 20.334 0.064 1.388 0.111 "" "" 1.612 0.073 116.44006654396632 -28.576651211345055 7.3983
12004 3939.79 55.464 20.032 0.037 1.427 0.117 "" "" 1.791 0.056 115.94468266668916 -28.615912651615165 8.1286
21831 158.595 87.868 21.728 0.094 0.137 0.164 "" "" 1.816 0.107 116.46318708541902 -28.608473797192655 9.4050
21978 197.945 122.154 21.735 0.093 0.697 0.197 "" "" 1.942 0.104 116.45775719997602 -28.604358670951374 7.8071
22186 3273.28 381.036 21.641 0.071 -0.364 0.319 "" "" 1.664 0.086 116.03576578766649 -28.57586940365449 13.7167
22229 2236.79 130.271 21.521 0.101 0.724 0.427 "" "" 1.555 0.116 116.17815115716664 -28.60527111252768 9.5143
22235 3154.93 3371.26 20.38 0.577 2.537 0.705 "" "" "" "" 116.04906517517841 -28.213671878766323 19.2600
22243 3142.15 1575.4 21.966 0.246 0.304 0.321 "" "" "" "" 116.05257781984086 -28.4311214552433 8.4414
22244 1348.64 2809.45 21.555 0.064 1.179 0.16 "" "" 1.673 0.077 116.29732231803152 -28.28002254547929 5.2450
22264 997.441 365.627 22.127 0.127 -0.46 0.249 "" "" 2.193 0.134 116.34787927464491 -28.575619641271395 15.6312
22310 1989.18 48.515 21.458 0.105 1.449 0.625 "" "" 1.481 0.118 116.21218741138455 -28.614940800638262 8.6397
12601 48.12 538.946 19.949 0.06 1.492 0.107 "" "" 1.462 0.066 116.47789504896727 -28.553749870124285 6.6993
22366 1757.95 1166.51 22.017 0.125 -0.015 0.173 "" "" 1.948 0.131 116.24280155630258 -28.479347353106785 14.2219
18270 602.692 312.021 20.865 0.068 1.458 0.141 "" "" 1.588 0.074 116.40206592474532 -28.581743851798286 10.2153
22408 1294.71 265.473 22.122 0.12 0.461 0.331 "" "" 2.243 0.125 116.30721129011394 -28.588023676555956 13.0615
22430 681.59 601.674 21.535 0.1 1.348 0.234 "" "" 1.584 0.109 116.39096232812732 -28.546742990358112 11.2797
22648 1463.32 643.058 21.832 0.126 0.919 0.221 "" "" 1.865 0.131 116.28371881218072 -28.542458488813182 29.3729
22760 3018.33 1033.87 21.879 0.126 0.489 0.63 "" "" 1.886 0.136 116.0700886735534 -28.496580450557836 18.8690
22823 2103.69 560.157 21.736 0.097 0.991 0.17 "" "" 1.747 0.117 116.19598258151454 -28.553092301372676 8.8792
22998 3124.1 1574.93 22.041 0.164 -0.075 0.27 "" "" 1.87 0.167 116.05505357676832 -28.43116158826751 16.2778
9047 487.838 260.958 19.303 0.057 1.565 0.081 "" "" 1.593 0.064 116.41786653365679 -28.58782032281511 5.5964
23069 2949.52 2512.98 22.042 0.567 0.578 0.656 "" "" "" "" 116.0780753510698 -28.317410420349166 15.7237
23180 2865.87 1233.82 21.762 0.105 0.872 0.192 "" "" 1.562 0.124 116.09080039308166 -28.47222669090017 16.7365
23266 1309.15 3947.69 22.039 0.121 1.816 0.495 "" "" 1.983 0.13 116.30162225527855 -28.14215586582164 10.9728
23480 4089.75 3488.19 21.68 0.472 1.658 0.596 "" "" 1.457 0.451 115.92075354139602 -28.20038179384719 18.0775
23484 2945.27 164.035 21.877 0.089 1.362 0.444 "" "" 1.727 0.127 116.08096028678624 -28.60184122604765 16.0662
23542 3841.6 2820.84 20.434 0.497 1.764 0.769 "" "" 0.198 0.472 115.95543776672372 -28.28096080834791 14.2313
23624 239.965 2858.12 22.319 0.15 0.953 0.336 "" "" 2.046 0.15 116.44931335108566 -28.27309843793361 8.6390
23700 3997.62 3412.59 22.105 0.126 0.658 0.248 "" "" 1.755 0.14 115.93346193030641 -28.20945058518646 6.8031
12546 4008.51 1047.78 20.042 0.029 1.343 0.076 -0.258 0.148 1.572 0.045 115.93428618278357 -28.495816564842293 12.0482
23845 1469.12 295.083 22.589 0.193 0.147 0.653 "" "" 2.116 0.19 116.28326446288816 -28.584600322409678 10.4076
23882 2294.7 998.701 22.114 0.15 1.008 0.317 "" "" 1.562 0.175 116.16935852418428 -28.5001663854844 9.9697
1706 3774.13 472.517 16.666 0.018 1.021 0.043 0.112 0.059 1.206 0.034 115.9669918009864 -28.56525752579726 5.7986
95 2441.6 156.717 12.796 0.031 2.113 0.064 0.302 0.07 3.924 0.079 116.15003851077228 -28.602259148669233 1.1228
154 2232.35 2150.38 14.159 0.021 0.434 0.033 0.051 0.031 -0.054 0.033 116.17678020858288 -28.360651120652573 0.5329
187 593.239 431.5 14.012 0.042 1.024 0.06 0.393 0.061 1.092 0.056 116.40324517017596 -28.567267300880896 3.0554
192 3718.45 49.982 14.221 0.03 0.884 0.047 -0.042 0.055 0.699 0.054 115.97504161737636 -28.616370709262217 1.2667
238 987.939 766.123 14.564 0.026 0.548 0.039 0.678 0.042 "" "" 116.34878982587466 -28.527114575860637 0.6573
292 1001.12 825.467 14.557 0.05 0.848 0.064 0.338 0.05 1.238 0.055 116.34692408171834 -28.519940838674028 1.1514
303 1514.63 337.556 13.777 0.046 2.139 0.061 1.241 0.056 2.747 0.064 116.27698179882586 -28.579499555233657 1.4416
311 2393.61 1491.99 14.658 0.025 0.709 0.033 0.441 0.035 1.009 0.031 116.15531099562902 -28.440525756922437 0.2260
442 2158.54 3218.15 15.195 0.032 0.724 0.037 0.235 0.035 0.974 0.044 116.18585570209433 -28.231285779243564 1.4650
447 2336.92 2872.64 15.229 0.023 0.755 0.031 0.198 0.034 "" "" 116.16173208735377 -28.273289557187102 0.7487
476 3054.27 1547.28 15.398 0.025 0.598 0.03 0.149 0.028 1.051 0.039 116.06465684944995 -28.434444823884384 0.1691
509 474.932 918.077 15.075 0.028 0.796 0.06 1.515 0.112 1.1 0.045 116.41899238799698 -28.50823750397887 1.3285
526 3440.43 69.275 15.309 0.024 0.657 0.043 0.276 0.05 0.886 0.046 116.0131491288333 -28.613776061196308 1.4821
531 3621.84 4059.94 15.405 0.033 0.759 0.048 -0.133 0.042 0.793 0.041 115.98436027681942 -28.130713367111685 0.3759
569 3888.51 1138.67 15.585 0.02 0.547 0.032 0.17 0.032 0.897 0.045 115.95065336850813 -28.484699102486132 1.1118
598 3678.41 2899.2 15.478 0.028 0.855 0.048 -0.048 0.047 0.999 0.043 115.9777401161125 -28.271320459164897 0.9818
625 2682.3 3319.86 15.576 0.038 0.69 0.045 0.127 0.037 0.952 0.046 116.11392991539911 -28.2194565647796 1.5475
628 2418.95 1813.87 15.51 0.026 0.642 0.036 0.304 0.035 1.042 0.033 116.15152051924356 -28.401572726141513 0.2561
636 359.115 1860.52 15.333 0.05 0.893 0.073 0.411 0.065 1.212 0.054 116.4339513617984 -28.3940090125349 1.2021
659 31.861 4022.36 14.948 0.038 2.497 0.079 0.014 0.182 0.703 0.06 116.47671077683222 -28.13192666171893 1.1625
702 3793.79 978.007 15.743 0.024 0.792 0.034 0.11 0.03 1.143 0.04 115.96380030537954 -28.504065801251592 2.3328
774 2509.25 3704.73 15.704 0.022 0.862 0.029 0.462 0.031 0.939 0.036 116.13728402256348 -28.172691622396997 1.9685
819 3400.98 667.952 15.816 0.022 0.854 0.034 0.177 0.04 1.137 0.038 116.01797238538887 -28.5412453335894 1.2714
861 3173.37 105.131 15.856 0.021 0.961 0.049 0.085 0.061 1.194 0.05 116.04973740213956 -28.609185980899074 0.1865
866 2461.88 2978.35 15.221 0.032 1.577 0.039 1.197 0.031 1.978 0.041 116.14449202938488 -28.26060525217269 1.2411
869 1389.42 3993.96 14.971 0.05 2.886 0.112 -0.084 0.134 0.559 0.071 116.29056903893556 -28.136627631564366 2.1660
880 2290.24 2571.62 15.367 0.019 2.153 0.031 1.261 0.043 2.726 0.034 116.16842859185299 -28.30969680373265 0.8289
902 491.121 154.923 15.84 0.041 0.981 0.053 0.106 0.048 0.915 0.057 116.41752023849818 -28.600663198312503 3.0445
925 3622.8 1913.18 16.14 0.02 0.658 0.029 0.102 0.028 1.134 0.034 115.98633258276777 -28.390666347799222 1.1186
967 82.872 129.782 15.955 0.041 1.022 0.059 0.245 0.058 "" "" 116.47353032079988 -28.60332802004501 2.8821
1011 626.024 4037.35 15.916 0.035 0.826 0.044 1.674 0.238 0.962 0.04 116.39521522839 -28.13066385661133 1.0993
1029 2916.04 118.434 16.029 0.022 1.086 0.056 0.095 0.067 1.153 0.051 116.08501345006744 -28.607335898149824 0.9808
1035 3956.01 2012.25 16.151 0.018 0.816 0.036 0.275 0.046 0.224 0.12 115.94054055848764 -28.378979674704894 0.7736
1063 3411.33 1631.44 16.328 0.023 0.616 0.029 0.333 0.029 1.122 0.042 116.01560875551444 -28.424585780299353 0.5993
1097 1158.95 970.883 16.122 0.034 0.904 0.041 0.463 0.036 1.368 0.046 116.32513746460306 -28.502479073417142 0.3033
1179 715.764 1488.05 15.805 0.032 2.202 0.052 0.712 0.062 3.743 0.056 116.3854071558844 -28.439443109240287 1.3839
1197 3573.85 2436.88 16.269 0.017 0.872 0.028 0.29 0.033 1.246 0.033 115.9925321088932 -28.32720578594529 0.7526
1204 3168.07 1170.2 16.321 0.022 0.854 0.029 0.265 0.033 1.372 0.036 116.04942038770338 -28.48021139238182 0.6286
1232 1541.87 3610.0 16.182 0.026 1.037 0.037 0.255 0.038 1.265 0.034 116.27003903181324 -28.18326323167201 0.6125
1259 388.523 184.379 16.219 0.043 0.923 0.055 0.25 0.05 0.964 0.054 116.431561200823 -28.59700098242938 1.8007
1270 30.886 354.509 16.216 0.03 1.139 0.054 0.176 0.068 1.206 0.055 116.48043920221107 -28.576067404568676 3.8163
1273 2734.84 260.613 16.021 0.026 1.523 0.051 0.889 0.062 1.832 0.044 116.10972306381177 -28.58995093661839 0.9279
1296 591.297 893.9 16.415 0.038 0.194 0.059 1.295 0.069 1.318 0.045 116.40305830710146 -28.511273281443597 1.2223
1341 3699.8 299.412 16.29 0.017 1.278 0.036 0.27 0.051 1.35 0.045 115.97735473834194 -28.586149786440707 1.9048
1349 3332.76 892.418 16.425 0.022 0.853 0.032 0.276 0.036 1.112 0.037 116.02710778077403 -28.514001231411164 1.5024
1473 538.426 177.42 15.947 0.041 2.791 0.098 0.344 0.173 0.945 0.061 116.41101099386266 -28.59798300218757 2.9296
1489 2059.8 3967.53 15.64 0.028 2.113 0.04 1.11 0.044 2.46 0.08 116.19866202601095 -28.140451244160538 2.0918
1492 90.559 931.571 16.388 0.031 1.069 0.065 1.551 0.226 1.085 0.049 116.47169035774574 -28.50624619239716 1.8605
1515 3867.07 782.009 16.488 0.019 1.017 0.03 0.398 0.037 1.369 0.035 115.95394310383699 -28.527867404942906 1.1302
4989 639.815 988.081 18.225 0.039 1.113 0.063 0.373 0.074 1.332 0.047 116.39631246236637 -28.499913966660973 1.0841
1569 878.261 786.056 16.526 0.033 0.753 0.047 0.496 0.053 1.086 0.041 116.36381104086716 -28.52459892248266 1.6984
1643 3501.96 1264.82 16.296 0.025 1.421 0.033 0.911 0.031 2.543 0.039 116.00353947253559 -28.469064203829692 1.2695
1644 245.657 1503.02 16.555 0.036 0.91 0.069 0.392 0.09 1.129 0.052 116.44986085650741 -28.43719336892317 1.6846
1693 3672.99 321.661 16.586 0.019 1.096 0.044 0.596 0.062 1.161 0.04 115.98100953649447 -28.583430722628403 2.0349
11285 3779.67 477.583 20.034 0.044 0.531 0.372 -0.476 0.589 1.924 0.059 115.96622710516591 -28.564649231731057 0.6801
1798 1972.84 476.243 16.515 0.034 1.42 0.049 1.001 0.055 1.847 0.043 116.2140090063367 -28.563131843999418 0.9548
1870 3404.49 35.77 16.809 0.022 1.028 0.047 0.175 0.061 1.156 0.046 116.01811061669461 -28.61779978578619 1.4174
1877 2902.64 2708.89 16.672 0.02 1.0 0.03 0.857 0.037 1.147 0.03 116.08431226089175 -28.29364401434395 0.4349
1878 3352.52 794.167 16.828 0.024 1.007 0.034 0.254 0.037 1.478 0.038 116.02449427470793 -28.525916856212405 0.9903
1909 3085.0 701.338 16.812 0.029 0.902 0.042 0.568 0.045 1.218 0.044 116.06127174952553 -28.536908870084133 1.0923
17928 3705.45 423.079 20.87 0.055 1.075 0.106 "" "" 1.624 0.072 115.97645872138182 -28.571180148722593 2.1978
1974 4089.51 779.725 16.956 0.014 0.895 0.032 0.274 0.049 1.354 0.034 115.92344091522271 -28.52835075813551 2.1815
2017 3787.1 1457.99 16.587 0.024 1.503 0.037 1.267 0.045 1.821 0.036 115.96424732938175 -28.445938235017522 1.8307
2042 1364.01 3832.91 16.651 0.03 1.164 0.045 0.68 0.041 1.256 0.037 116.29421149157466 -28.156105623658792 1.4529
2047 503.935 174.999 16.798 0.045 1.113 0.057 0.338 0.056 1.138 0.057 116.41574330812192 -28.59824409890456 1.1102
2185 3796.96 658.21 17.035 0.018 0.986 0.031 0.406 0.044 1.334 0.034 115.96367900636545 -28.54279310387742 2.2869
2190 3420.65 1578.25 17.071 0.045 0.812 0.061 0.5 0.059 1.284 0.062 116.01438278183615 -28.431035244164445 0.7266
2234 3212.81 933.158 17.147 0.035 0.886 0.043 0.249 0.039 1.387 0.045 116.04351725978839 -28.508956500524224 0.5348
2246 3693.14 1774.86 16.882 0.024 1.264 0.034 1.113 0.043 1.939 0.041 115.97682203171401 -28.407480964700085 1.4053
10572 749.507 709.881 19.604 0.065 1.175 0.091 0.612 0.133 1.454 0.07 116.38154244492732 -28.53370329474783 2.2741
2318 1130.87 1079.58 16.944 0.042 1.435 0.051 0.861 0.054 1.896 0.047 116.32888170055188 -28.48929080363703 1.1107
6937 3985.98 133.212 18.942 0.027 1.415 0.054 "" "" 2.01 0.052 115.93827217881037 -28.606541051709655 1.9682
2350 817.425 987.502 17.089 0.04 0.886 0.054 0.48 0.056 1.293 0.045 116.37195638851355 -28.50014918621528 1.5098
2363 1207.73 595.58 17.056 0.04 1.036 0.052 0.418 0.051 1.353 0.045 116.31881581338435 -28.547970020920875 1.5636
2369 413.698 771.718 16.936 0.034 1.03 0.061 1.709 0.092 1.203 0.043 116.42753318574925 -28.525903254206636 2.3161
2389 4101.89 814.348 17.206 0.014 0.918 0.038 0.377 0.055 1.303 0.036 115.92170924471661 -28.524169752813204 1.9152
2430 938.992 366.141 17.07 0.042 1.076 0.06 0.304 0.065 1.232 0.051 116.35589420542884 -28.575503065962256 2.2772
2437 1170.7 1424.78 17.146 0.031 1.199 0.048 1.247 0.061 1.645 0.033 116.32308127532518 -28.44752741412605 0.5665
2440 3632.36 22.893 17.116 0.025 1.303 0.049 0.121 0.069 1.397 0.044 115.98687416394546 -28.619570897675086 2.6577
2454 2722.84 3595.32 17.207 0.024 0.927 0.031 0.503 0.043 1.231 0.035 116.10810047341081 -28.186138681775134 0.3159
2458 4080.64 469.999 17.22 0.014 1.041 0.044 0.233 0.06 1.27 0.034 115.9249608577822 -28.56584736654051 2.2163
2459 212.204 381.244 17.114 0.04 0.97 0.059 0.324 0.062 1.06 0.052 116.45554786042663 -28.572998607156563 2.1914
2495 884.746 571.697 16.974 0.041 1.834 0.058 1.315 0.08 2.148 0.051 116.36313180188773 -28.550561774169775 2.0549
2543 753.292 533.14 17.098 0.042 1.129 0.061 0.559 0.067 1.347 0.049 116.38119660393622 -28.555108456746588 1.2056
2566 2275.41 2758.15 17.27 0.024 0.676 0.035 0.351 0.046 0.99 0.03 116.17027950094354 -28.287096019976765 0.9119
2592 656.365 101.878 17.106 0.043 1.298 0.06 0.457 0.079 1.407 0.054 116.39491140248501 -28.607240052719177 3.2072
2681 3643.47 2508.0 17.346 0.015 0.867 0.03 0.246 0.043 1.295 0.023 115.98291503141483 -28.318658554183745 0.0714
2706 1537.95 436.672 17.211 0.042 1.061 0.055 0.659 0.056 1.377 0.048 116.27368665854914 -28.56751923485038 1.1513
2716 3510.05 1407.45 17.424 0.028 0.8 0.039 0.145 0.04 1.29 0.034 116.00229025998524 -28.451800596566812 0.5926
2731 3370.0 3926.77 17.265 0.025 0.842 0.037 0.308 0.049 0.977 0.031 116.01902700318858 -28.14660486625834 1.8478
2767 1176.46 473.741 17.294 0.043 1.133 0.057 0.377 0.06 1.483 0.049 116.32322345104605 -28.562694488703837 1.8570
2796 145.837 157.858 17.248 0.04 1.203 0.058 0.101 0.062 1.21 0.051 116.4648680660189 -28.59998681812661 2.6546
2813 3859.37 1776.65 17.418 0.021 1.027 0.034 0.216 0.043 1.523 0.032 115.95402423841652 -28.40741874205699 1.4307
2832 4082.1 82.607 17.377 0.025 1.044 0.05 0.186 0.064 1.173 0.044 115.92514030775557 -28.61275818704531 0.9542
2843 2250.25 498.91 17.478 0.035 0.843 0.05 0.227 0.056 1.329 0.046 116.17594402418695 -28.560644970623308 0.0408
2845 1601.75 3769.81 17.325 0.029 1.03 0.041 0.366 0.043 1.219 0.037 116.26167073276483 -28.16396743539746 1.6791
10890 3093.12 380.133 19.724 0.051 1.4 0.101 "" "" 1.566 0.072 116.06047300956891 -28.575811269607346 0.6163
2866 1589.45 3231.1 17.297 0.027 0.944 0.04 0.427 0.045 1.236 0.029 116.26388546850927 -28.229188625913906 1.1515
10174 1816.42 245.952 19.925 0.164 0.421 0.281 "" "" "" "" 116.23568544504545 -28.590872470125632 0.5787
2937 3466.31 3628.39 17.207 0.023 1.632 0.035 0.906 0.046 1.914 0.032 116.00611191103263 -28.1828253591387 0.5830
20437 3394.85 1201.24 20.853 0.067 1.179 0.128 "" "" 0.889 0.083 116.01829037133568 -28.47666356264689 1.1838
14953 1887.51 3997.81 20.603 0.039 1.34 0.084 "" "" 1.9 0.045 116.22225943005344 -28.136624463319823 2.0728
3004 3752.32 1498.14 17.537 0.023 0.919 0.036 0.236 0.051 1.404 0.034 115.96897755362603 -28.44104412244579 1.1330
3038 384.988 901.303 17.55 0.037 1.588 0.073 1.175 0.09 2.365 0.046 116.43134334556423 -28.51018506190138 0.5464
16445 508.414 882.87 20.416 0.07 1.848 0.188 "" "" 1.273 0.086 116.41443532122713 -28.512531859927606 1.8004
3077 3111.81 156.831 17.34 0.025 1.553 0.05 0.836 0.066 1.975 0.045 116.05812879614466 -28.60286837889776 1.7437
3126 2971.48 3175.61 17.593 0.028 0.913 0.037 0.326 0.046 1.292 0.04 116.07441443693843 -28.237192683976005 0.9275
3136 117.032 226.352 17.31 0.042 1.981 0.071 -0.756 0.074 1.358 0.061 116.46875112662433 -28.59166607287508 2.6800
3138 2225.64 3870.97 17.509 0.02 1.303 0.032 0.62 0.054 1.793 0.031 116.17601410458305 -28.152297902610982 0.7329
3170 1594.19 471.907 17.567 0.041 0.847 0.055 0.338 0.058 1.197 0.048 116.26593962394305 -28.563304894920968 0.7499
3201 3125.4 1074.47 17.656 0.025 0.931 0.036 0.273 0.043 1.467 0.037 116.05536578197949 -28.491763712602854 0.8031
3267 4072.79 241.509 17.702 0.022 0.836 0.039 0.258 0.058 1.171 0.045 115.92626130585518 -28.593508021099996 2.0587
3279 3230.77 529.724 17.658 0.025 0.985 0.045 0.235 0.06 1.387 0.042 116.04144969567386 -28.557825192263078 1.1693
7620 54.384 122.909 18.914 0.053 1.232 0.076 0.277 0.097 1.294 0.059 116.47744377371068 -28.604133791804006 3.7557
3300 1494.95 1316.79 17.646 0.033 1.334 0.05 1.144 0.075 1.797 0.037 116.27872091684499 -28.460905395840584 0.7780
3311 3611.53 85.78 17.631 0.022 1.078 0.045 0.275 0.06 1.323 0.044 115.98966906390982 -28.611936520103207 1.6131
3314 3703.21 854.723 17.685 0.026 0.946 0.038 0.312 0.038 1.498 0.036 115.97634286745543 -28.51891010947982 1.6508
3395 3307.23 3251.95 17.657 0.016 0.965 0.025 0.432 0.034 1.16 0.026 116.02829636520434 -28.22826075753296 1.4070
3411 3914.07 1812.71 17.716 0.019 1.01 0.038 0.249 0.046 1.475 0.03 115.94648758397467 -28.40310307092325 0.9079
3423 3153.39 3677.35 17.588 0.02 1.115 0.032 0.552 0.044 1.207 0.031 116.04897637697829 -28.176605877909587 1.1584
3441 2210.65 3682.11 17.601 0.02 1.249 0.03 1.174 0.058 1.546 0.03 116.17825486051017 -28.17515310606749 1.5417
3455 620.496 1336.02 17.59 0.042 0.754 0.062 0.517 0.065 1.197 0.044 116.39862078215788 -28.457763924909823 0.3939
3498 674.541 381.847 17.446 0.04 1.457 0.059 1.13 0.085 1.344 0.05 116.39214444037191 -28.573355383153956 2.3733
3509 1124.85 971.865 17.687 0.051 1.017 0.061 0.412 0.054 1.404 0.054 116.3298128237224 -28.50232846288386 0.4379
8154 3478.22 162.566 19.212 0.03 1.079 0.055 0.298 0.082 1.481 0.05 116.0078753463079 -28.602514544029045 0.7694
3556 2756.35 2308.95 17.775 0.023 0.958 0.039 0.283 0.046 1.365 0.036 116.10476578308419 -28.341936927531396 0.9086
3684 3170.76 1590.63 17.865 0.022 0.906 0.03 0.385 0.035 1.465 0.029 116.04863944602458 -28.429303844185963 0.6929
3705 2009.17 2763.53 17.899 0.029 0.741 0.04 0.494 0.049 1.207 0.04 116.20678519145935 -28.286197053859095 0.8859
3719 2009.09 149.797 17.819 0.036 1.072 0.061 0.13 0.079 1.426 0.048 116.20935778044934 -28.60269502841363 1.1264
11850 3976.04 1015.67 19.949 0.031 1.141 0.066 "" "" 1.558 0.047 115.93877044317392 -28.499674594034346 2.2138
3824 2121.44 3104.22 17.995 0.019 1.444 0.032 0.711 0.068 2.736 0.03 116.19105508858661 -28.24504712319593 0.7753
3834 3815.94 996.692 17.898 0.023 0.948 0.035 0.351 0.047 1.403 0.036 115.96074444096945 -28.50182381747726 1.0977
3842 3751.74 951.389 17.851 0.024 1.055 0.039 0.408 0.044 1.593 0.039 115.96959294164206 -28.507249896137733 1.4932
3880 1265.98 472.972 17.821 0.047 1.15 0.061 0.28 0.067 1.47 0.051 116.31094783215572 -28.562870826013263 1.7801
3896 308.107 167.077 17.675 0.045 1.316 0.06 0.347 0.068 1.26 0.054 116.44260604854209 -28.599021333431015 2.8520
3908 2129.19 3167.2 17.948 0.018 0.952 0.026 "" "" 1.384 0.029 116.18993056398605 -28.237428052494412 0.1608
3911 1421.77 3377.77 18.109 0.03 1.554 0.05 1.056 0.083 2.16 0.034 116.28673660844674 -28.211272415607823 1.1735
3991 437.661 1466.47 17.92 0.043 1.002 0.067 0.693 0.082 1.529 0.045 116.42356610762928 -28.441797713100264 0.5114
4005 34.826 828.788 17.794 0.04 1.148 0.072 0.744 0.128 1.245 0.05 116.4794340658086 -28.518640419902823 2.0770
4010 3560.28 666.748 17.95 0.024 0.904 0.035 0.299 0.047 1.396 0.027 115.99612787561051 -28.541539213485496 1.6954
4038 2824.41 3767.27 18.023 0.038 0.925 0.045 0.421 0.056 1.36 0.062 116.09400309621554 -28.16541160317816 1.1304
4047 3243.79 3353.82 17.907 0.018 1.186 0.026 0.439 0.045 1.546 0.026 116.03689640433652 -28.215866301065862 0.9060
4096 3106.18 1535.9 18.296 0.028 1.276 0.05 1.216 0.119 2.332 0.034 116.0575492972346 -28.435871089063642 0.1984
4097 266.514 51.942 17.815 0.04 1.286 0.055 0.039 0.059 1.236 0.049 116.44842276593991 -28.612924414607825 2.2263
4115 2386.36 3858.8 17.943 0.02 1.122 0.032 0.438 0.054 1.409 0.032 116.15398560970397 -28.15392098019339 1.5490
8918 1538.62 3304.31 19.405 0.041 1.251 0.063 "" "" 1.61 0.044 116.2707843171729 -28.220276343521025 1.1013
4330 1145.54 1296.29 18.033 0.038 0.689 0.051 0.258 0.055 1.204 0.04 116.32665753329125 -28.463062934271633 0.9838
4335 2175.72 281.039 18.046 0.029 1.299 0.062 0.973 0.097 1.741 0.045 116.18637826206535 -28.586957779466264 0.7232
4353 3157.9 627.39 18.123 0.031 0.964 0.05 0.156 0.104 1.416 0.046 116.05134704302169 -28.54593103372633 1.2615
4365 2457.92 2919.04 18.105 0.02 1.006 0.033 0.378 0.055 1.452 0.029 116.14509321350607 -28.26778344422706 1.2127
4377 1725.35 3826.61 18.023 0.028 1.309 0.043 0.455 0.064 1.619 0.036 116.24466511390582 -28.157204398969547 1.5449
4439 3726.82 724.595 18.113 0.026 1.091 0.039 0.312 0.046 1.57 0.037 115.97323263101163 -28.53468931287203 1.8174
4473 1050.35 1489.44 18.401 0.044 1.298 0.069 0.858 0.101 1.94 0.045 116.33952216548863 -28.439585828345308 0.6612
4501 2144.64 3533.01 18.106 0.021 1.249 0.03 0.625 0.057 1.816 0.033 116.18745330389659 -28.193146325337967 0.7573
4508 317.325 375.412 17.969 0.043 1.269 0.062 1.706 0.122 1.352 0.052 116.4411377521977 -28.573802528165448 2.4266
4612 3511.44 360.983 18.111 0.027 1.41 0.051 1.19 0.087 1.661 0.038 116.00312524324252 -28.578519026154623 0.9782
18094 3713.63 136.614 21.525 0.074 0.027 0.324 "" "" 2.549 0.086 115.97561770596938 -28.605875922536786 1.8349
4667 1005.57 2953.41 18.137 0.03 1.105 0.044 0.663 0.051 1.534 0.038 116.34422831436851 -28.262271445774452 0.5613
4702 139.147 1773.96 18.201 0.046 1.286 0.091 0.577 0.111 1.57 0.048 116.46420162393703 -28.4042861153691 1.5934
4767 672.701 3521.0 17.917 0.038 2.802 0.1 -0.764 0.116 1.308 0.04 116.38932020787263 -28.193232290810244 1.0364
4812 1842.57 3806.4 18.217 0.027 1.344 0.043 0.472 0.079 1.656 0.036 116.22860989423044 -28.1597606055218 1.4731
4863 3297.2 3258.05 18.226 0.016 1.213 0.029 0.981 0.068 1.428 0.026 116.02966585618739 -28.227512781921615 1.2777
4872 497.28 1648.55 18.275 0.14 1.529 0.179 "" "" 2.296 0.174 116.41521177499233 -28.419804990354834 4.7437
14024 3320.12 674.794 20.331 0.049 1.274 0.098 "" "" 1.698 0.061 116.02905445868664 -28.54034166453837 1.2175
4973 3218.41 470.692 18.307 0.03 1.024 0.049 0.497 0.063 1.469 0.048 116.0432025457818 -28.564961912446563 0.7164
4978 2610.58 301.974 18.386 0.028 0.943 0.053 0.021 0.069 1.227 0.05 116.12672298833822 -28.584827001952277 0.7025
5015 9.416 541.037 18.234 0.041 1.047 0.072 0.559 0.099 1.265 0.052 116.4832006931744 -28.553460690377115 3.6833
5032 1819.08 215.907 18.301 0.039 1.194 0.067 0.311 0.085 1.503 0.045 116.23535011047527 -28.594513104814613 0.8803
5096 3276.27 909.443 18.308 0.032 1.122 0.043 1.08 0.071 1.604 0.045 116.03483788126711 -28.511887153145057 1.3719
5112 1230.21 808.196 18.346 0.049 1.041 0.06 0.237 0.064 1.418 0.053 116.31552463001243 -28.522245156031026 0.7541
5144 1240.88 395.992 18.287 0.048 1.299 0.064 0.444 0.073 1.592 0.053 116.31446537904064 -28.57216903396408 1.5374
11946 3041.01 3542.53 20.21 0.03 1.643 0.093 "" "" 2.202 0.04 116.06451979957201 -28.192826819802708 1.1196
5229 3442.31 3092.98 18.424 0.016 1.083 0.031 0.12 0.049 1.365 0.03 116.00992789826476 -28.247636074793324 1.0093
5320 4039.63 2035.02 18.453 0.017 1.198 0.04 0.675 0.078 1.572 0.025 115.92905096955927 -28.376300179713688 1.1106
5323 223.076 331.301 18.294 0.04 1.213 0.061 1.854 0.152 1.298 0.051 116.4541058701488 -28.57905633315651 3.5367
5325 276.814 1427.37 18.41 0.04 1.143 0.071 0.651 0.111 1.503 0.046 116.44566226645527 -28.446382823725855 1.8931
5365 351.522 761.081 18.402 0.044 1.253 0.073 1.644 0.163 1.528 0.05 116.43607014931162 -28.527133493605653 2.6365
5379 3925.61 2684.58 18.555 0.022 1.443 0.045 0.876 0.108 2.047 0.032 115.94405055406237 -28.297538686747423 0.5816
5382 2491.0 3645.8 18.454 0.02 1.096 0.031 0.365 0.061 1.453 0.036 116.13984450097107 -28.179810515948436 1.9137
5384 308.515 9.535 18.225 0.046 1.588 0.1 -0.338 0.109 1.111 0.053 116.44270449803861 -28.61809854099714 3.2774
5391 3971.95 37.145 18.326 0.032 1.341 0.047 0.865 0.105 1.464 0.05 115.94029034181611 -28.618160803461954 2.6653
5569 553.563 275.224 18.2 0.047 2.926 0.125 -0.222 0.179 1.393 0.058 116.40883931946009 -28.586153945440277 3.1632
5637 1630.3 751.856 18.505 0.049 1.068 0.068 0.332 0.074 1.459 0.054 116.26071329285384 -28.529439318806627 0.9733
5665 135.395 247.397 18.407 0.046 1.427 0.07 0.36 0.084 1.535 0.054 116.46621228151831 -28.589134795252946 2.9224
5783 1217.61 1158.84 18.53 0.046 1.185 0.061 0.593 0.079 1.545 0.049 116.3169088851191 -28.479773810726613 1.1024
21755 2516.51 3493.03 21.572 0.065 -0.034 0.28 "" "" "" "" 116.1364958975665 -28.19833321508323 1.7114
6093 3310.34 3151.89 18.656 0.016 1.254 0.031 0.321 0.073 1.509 0.027 116.02796793862693 -28.24037995689745 1.1559
14840 3660.97 112.536 21.231 0.071 0.337 0.179 "" "" 2.676 0.08 115.98286286083945 -28.608742584562663 0.4450
6222 753.26 2429.33 18.206 0.123 2.607 0.532 "" "" 0.843 0.136 116.37934261013716 -28.325497967404242 0.6205
6279 590.191 712.57 18.657 0.047 1.101 0.07 0.526 0.081 1.455 0.052 116.40338769348334 -28.533229580691657 1.1825
6282 817.877 113.363 18.543 0.053 1.277 0.068 1.653 0.159 1.329 0.063 116.37275111292064 -28.605999472467552 1.3599
6287 3861.01 584.721 18.759 0.021 1.132 0.042 0.446 0.075 1.628 0.036 115.95496749944532 -28.55175145995626 1.0561
6390 4037.17 235.85 18.739 0.024 1.113 0.039 0.364 0.088 1.387 0.04 115.93115161956467 -28.594160159093697 2.9588
6486 1277.1 3939.68 18.767 0.036 1.215 0.059 0.378 0.094 1.539 0.041 116.3060252992732 -28.143096006123717 0.2212
6487 150.364 96.199 18.607 0.044 1.479 0.075 0.321 0.084 1.473 0.052 116.46430768306897 -28.607457341205407 0.7620
21007 3313.4 340.849 21.758 0.098 0.74 0.632 "" "" 2.261 0.108 116.03030329595953 -28.58077296069441 2.0046
6561 3873.85 410.849 18.819 0.017 1.157 0.039 0.524 0.074 1.494 0.041 115.95337708444357 -28.572817631142605 2.6329
6577 178.491 484.484 18.829 0.049 1.667 0.078 1.179 0.167 1.934 0.058 116.46006992900405 -28.560465891346375 2.6749
6642 184.285 934.272 18.737 0.044 1.261 0.076 0.628 0.091 1.527 0.051 116.4588345460082 -28.506006255863277 1.0394
6650 722.344 219.928 18.664 0.054 1.358 0.075 0.503 0.102 1.43 0.063 116.3857476411984 -28.593006662435318 2.8342
6652 3052.38 849.039 18.891 0.041 0.944 0.055 0.163 0.075 1.417 0.054 116.06560035447131 -28.518993368797677 1.2571
6734 91.64 152.542 18.877 0.044 1.718 0.08 "" "" 1.763 0.053 116.47230561028991 -28.600580152721204 1.9077
6736 13.019 616.548 18.762 0.047 1.416 0.08 0.511 0.122 1.546 0.057 116.4826325884665 -28.544320380419713 0.9486
6817 37.36 251.62 18.773 0.057 1.394 0.08 0.098 0.089 1.546 0.064 116.47965222430702 -28.588532295966505 2.2148
20635 1262.36 114.566 22.32 0.171 -0.219 0.305 "" "" 2.708 0.17 116.31179552256424 -28.606266996934412 2.3722
11787 3597.37 3262.29 20.691 0.048 1.864 0.254 "" "" 2.689 0.052 115.98849772898394 -28.227278399815884 1.2177
7005 2760.77 1558.06 18.964 0.037 1.005 0.053 0.321 0.078 1.547 0.045 116.10489556215653 -28.432866628259088 0.6132
7023 571.321 286.446 18.776 0.05 1.412 0.075 0.475 0.118 1.464 0.062 116.40639306848972 -28.584811576682572 2.2535
7028 3849.03 58.255 18.931 0.027 1.134 0.058 0.26 0.088 1.457 0.049 115.95712635195184 -28.61549031674179 2.1198
7103 3609.85 3563.87 18.954 0.02 1.354 0.04 "" "" 1.612 0.028 115.98649071074277 -28.190771549936784 1.4825
7121 3164.51 391.077 18.99 0.032 0.982 0.055 0.194 0.079 1.404 0.051 116.05067217836344 -28.574552420881837 0.9091
7135 1542.35 3604.67 18.886 0.032 0.93 0.062 0.63 0.094 1.298 0.039 116.2699784304852 -28.183909089869097 1.1037
18591 4100.33 1216.59 21.117 0.048 1.214 0.16 "" "" 1.899 0.058 115.92152895438818 -28.475460646484265 1.3853
14352 1415.71 3731.98 20.394 0.047 1.408 0.089 "" "" 1.726 0.053 116.28722050229564 -28.168375341490865 0.9845
7341 3061.62 455.237 18.967 0.036 1.267 0.061 0.731 0.129 1.594 0.05 116.06471917222088 -28.566687611322074 1.3398
7381 396.272 1838.3 19.651 0.055 1.548 0.101 "" "" 2.283 0.055 116.4288775939054 -28.39673418340901 1.0856
7418 38.095 113.906 19.021 0.052 1.653 0.079 "" "" 1.77 0.059 116.47968639783325 -28.605208826499343 3.3983
7419 479.981 1125.15 18.742 0.045 2.993 0.095 -0.223 0.242 1.54 0.055 116.41809704651023 -28.483167639286116 1.7669
7440 3859.22 2269.65 20.226 0.03 1.878 0.091 "" "" 3.685 0.036 115.95356163860309 -28.34772102137073 1.6352
7476 3447.32 415.407 19.089 0.03 0.903 0.055 0.198 0.087 1.34 0.047 116.01186503451535 -28.571869194022142 1.6255
7493 1363.84 1034.74 19.082 0.055 0.908 0.071 0.284 0.092 1.481 0.058 116.29697718229902 -28.494937069907397 0.6972
7496 3564.22 1322.21 19.039 0.03 1.084 0.044 0.391 0.114 1.478 0.038 115.99494516879024 -28.462172701714888 0.6407
7672 689.473 424.082 18.841 0.046 2.346 0.09 -0.425 0.123 1.507 0.054 116.39005533977036 -28.56825500985708 1.7359
7697 3366.52 3779.93 19.066 0.027 1.182 0.041 0.289 0.081 1.552 0.048 116.01964814700757 -28.164382549731513 1.2340
18459 660.768 56.968 22.046 0.098 0.006 0.196 "" "" 2.975 0.104 116.39435160929662 -28.612682316939477 1.3978
7745 187.012 375.21 18.958 0.048 1.442 0.077 0.283 0.116 1.429 0.057 116.4590084923625 -28.573705848043666 2.7870
7761 3173.69 3890.51 19.377 0.121 1.478 0.215 "" "" 2.676 0.174 116.04598361590637 -28.150813113274825 4.8893
7826 4074.76 3323.35 19.083 0.033 1.221 0.048 "" "" 1.512 0.049 115.92297075625451 -28.22032840521141 0.7036
7858 266.523 1626.03 19.098 0.048 1.165 0.082 0.49 0.116 1.504 0.051 116.44687882923797 -28.422317432576396 0.9488
7898 2173.93 249.012 19.068 0.044 0.851 0.067 0.419 0.082 1.125 0.052 116.18665512308047 -28.590834278615898 0.6042
7953 2966.54 3836.05 19.114 0.025 1.325 0.043 "" "" 1.538 0.038 116.07444461487144 -28.15721512910738 1.8880
7974 3909.27 2771.64 19.181 0.021 1.067 0.039 0.265 0.088 1.435 0.036 115.94620602448349 -28.286981364200752 1.0772
7989 3723.3 95.336 19.207 0.024 1.193 0.051 "" "" 1.692 0.052 115.97433206036763 -28.61088328258155 2.2590
8088 3994.02 192.919 19.237 0.023 0.91 0.049 0.299 0.105 1.239 0.048 115.9371110926465 -28.599318579567747 2.5245
16379 1720.57 3543.29 20.655 0.035 1.35 0.09 "" "" 1.635 0.04 116.24559829265714 -28.19150729562857 1.2142
19236 3152.03 3008.14 21.082 0.071 1.869 0.32 "" "" 1.794 0.092 116.04981874801427 -28.257639539287233 0.2857
15431 585.408 320.457 20.855 0.099 1.871 0.199 "" "" 2.045 0.1 116.40442790743302 -28.58070626554835 2.5088
15949 538.659 13.455 21.166 0.085 0.313 0.142 "" "" 2.28 0.091 116.41113973700948 -28.61783781089396 1.9051
8544 3401.69 488.853 19.318 0.034 1.019 0.055 "" "" 1.483 0.046 116.01805054713367 -28.562933168264944 0.4055
12672 3794.89 3746.44 20.668 0.043 -0.337 0.06 "" "" 1.637 0.055 115.96093622269136 -28.168836085613094 0.8829
8713 2113.98 3440.34 19.484 0.025 1.303 0.148 "" "" 1.847 0.035 116.19174870148215 -28.20433927347503 0.5815
8757 723.827 145.31 19.185 0.052 1.591 0.076 "" "" 1.498 0.059 116.38561739941115 -28.60204356664124 3.1659
8818 2029.05 646.118 19.408 0.065 1.126 0.085 0.704 0.146 1.689 0.068 116.20613413036438 -28.542613860890047 0.5146
8896 932.002 370.858 19.465 0.068 1.706 0.111 "" "" 1.848 0.075 116.35684815982825 -28.574925384430717 1.1408
8903 19.168 1380.82 19.22 0.045 1.173 0.088 0.169 0.125 1.251 0.052 116.48104030880982 -28.45178007263585 2.1597
23055 475.653 266.893 21.946 0.128 0.347 0.175 "" "" 1.655 0.139 116.41953171341495 -28.587090323812923 2.6503
9122 1001.22 3630.38 19.359 0.042 1.49 0.066 0.362 0.136 1.629 0.049 116.34416138192874 -28.18029281459336 0.6576
20855 392.133 71.966 21.758 0.116 0.424 0.2 "" "" 2.121 0.119 116.43117631317637 -28.610616476662443 1.0913
9640 913.259 3946.59 19.825 0.044 1.512 0.071 "" "" 2.024 0.046 116.3559140550628 -28.141921040694662 1.4205
9674 572.509 272.081 19.462 0.06 1.482 0.083 "" "" 1.613 0.066 116.40624423005956 -28.586552145065582 1.7661
9764 534.454 701.734 19.399 0.056 1.984 0.107 -0.526 0.163 1.461 0.06 116.41104183640654 -28.534489902850684 0.8253
19265 4011.36 445.588 21.034 0.061 1.163 0.116 "" "" 1.617 0.072 115.93448553150482 -28.568738901545515 2.4398
9979 2805.04 2071.18 19.655 0.034 1.003 0.057 0.492 0.131 1.616 0.042 116.09832168331411 -28.370773861468894 0.3758
23369 334.751 343.561 21.854 0.102 0.575 0.235 "" "" 1.587 0.118 116.43877924439653 -28.577675578803184 2.4724
10044 3647.79 495.515 19.605 0.032 1.028 0.059 0.505 0.127 1.443 0.047 115.98429496427593 -28.562355241078752 1.6754
10094 131.852 1913.46 19.927 0.045 -0.378 0.108 "" "" 1.748 0.053 116.46506530909194 -28.387387219083323 1.4067
10139 3968.93 1093.98 19.649 0.032 1.224 0.058 "" "" 1.675 0.046 115.93966872819722 -28.490185393045774 2.0015
10259 3927.92 586.952 19.692 0.028 0.922 0.053 0.454 0.127 1.492 0.042 115.94578957468256 -28.55154350747723 2.5544
10308 1422.39 3072.83 20.544 0.037 -0.423 0.055 "" "" 2.466 0.044 116.28695044426327 -28.248198307229746 0.5702
10389 1046.23 3908.1 19.557 0.045 1.165 0.067 0.753 0.158 1.373 0.051 116.33771672918758 -28.146705422581345 0.3319
10411 3858.61 3193.03 19.685 0.021 1.248 0.048 "" "" 1.568 0.032 115.95274032241892 -28.235907974450754 0.6875
10423 502.63 38.372 19.521 0.057 1.374 0.084 0.116 0.13 1.398 0.066 116.41605617280086 -28.614787107735342 0.6570
10464 1424.4 15.508 19.543 0.051 1.336 0.076 0.252 0.125 1.423 0.065 116.28967116433932 -28.618412606753708 1.0897
10812 4058.94 1518.81 19.848 0.025 1.421 0.073 "" "" 1.933 0.04 115.92690879985588 -28.438826220590457 2.4418
10892 2265.03 2681.28 19.726 0.042 0.898 0.063 "" "" 1.34 0.049 116.17177830503465 -28.296394591853254 0.7816
10933 639.011 312.105 19.607 0.059 1.251 0.083 "" "" 1.294 0.068 116.3970852171419 -28.58176744274144 1.5295
10984 405.611 776.21 19.924 0.056 0.265 0.087 1.21 0.146 1.521 0.06 116.42863779833775 -28.525351798238326 1.3132
11063 189.533 124.754 19.702 0.058 1.622 0.098 "" "" 1.56 0.067 116.45890823588712 -28.60403601595021 1.7076
11100 3283.21 677.953 19.785 0.039 1.13 0.067 0.355 0.126 1.53 0.053 116.03411303504942 -28.539924827935575 1.0626
11152 1957.61 3789.15 20.715 0.054 -0.419 0.067 "" "" 2.056 0.063 116.21285072902734 -28.161956357853917 0.6480
18205 1349.86 168.144 21.948 0.148 1.049 0.366 "" "" 2.723 0.147 116.29974365405965 -28.59986055491273 1.7966
11469 667.976 390.668 19.904 0.068 1.672 0.126 "" "" 1.728 0.076 116.39303609000055 -28.572281141588547 2.0489
11533 2912.01 3970.87 19.873 0.033 1.138 0.059 "" "" 1.445 0.077 116.08179048342548 -28.140839025854934 1.9235
11995 152.794 514.295 19.844 0.06 1.267 0.091 "" "" 1.407 0.065 116.46356468409043 -28.556832176370804 3.2289
21810 3945.29 65.189 21.484 0.079 1.089 0.188 "" "" 1.715 0.102 115.94391889018497 -28.6147401600582 1.9037
12260 811.22 122.114 20.717 0.079 0.478 0.137 "" "" 2.528 0.087 116.37365544762224 -28.604933621707932 1.9245
23785 4015.8 1052.7 22.249 0.124 0.743 0.395 "" "" 1.93 0.142 115.93328164287624 -28.49522757679777 1.3976
23512 42.677 548.159 22.313 0.14 0.22 0.263 "" "" 2.086 0.147 116.4786324483484 -28.552629204134366 1.7012
13241 598.883 3891.16 20.167 0.047 0.971 0.087 "" "" 1.391 0.076 116.39908049892125 -28.148340835781912 1.3933
13269 592.249 259.507 20.227 0.072 1.027 0.157 "" "" 1.612 0.078 116.4035494980056 -28.58809308663303 3.1255
14093 3931.53 659.625 20.327 0.026 1.248 0.071 "" "" 1.64 0.037 115.94522329143949 -28.54274685866315 2.0432
14213 127.806 721.798 20.222 0.069 1.555 0.124 "" "" 1.513 0.076 116.46678806106239 -28.531682320070473 1.3598
15216 737.393 162.113 20.94 0.09 1.04 0.171 "" "" 2.229 0.097 116.38374055085717 -28.60002149527315 3.0231
15435 104.761 1149.04 20.642 0.062 1.483 0.144 "" "" 1.861 0.072 116.4695296260463 -28.47992598033863 2.0059
15469 3776.62 350.768 21.237 0.062 1.617 0.443 "" "" 2.854 0.071 115.96676965498308 -28.580002479106454 2.6410
15739 641.048 99.537 20.58 0.078 1.613 0.189 "" "" 1.691 0.088 116.39701420170604 -28.607509286561747 1.7865
15980 2866.96 3676.75 20.625 0.035 1.371 0.086 "" "" 1.717 0.043 116.08825669459053 -28.176412263709718 0.7821
16498 373.773 190.748 20.533 0.071 1.449 0.128 "" "" 1.481 0.082 116.43357770786655 -28.596216045729207 3.5379
16843 7.907 626.709 20.644 0.075 1.685 0.183 "" "" 1.57 0.086 116.48332366688956 -28.5430852284048 2.1743
17537 542.774 280.743 20.757 0.074 1.382 0.138 "" "" 1.582 0.082 116.41031346572518 -28.585475617793193 2.0858
19022 2065.61 3996.37 19.223 0.409 2.364 0.687 "" "" -0.167 0.392 116.19783700362404 -28.136964397242412 2.1073
22205 1132.03 193.801 21.759 0.11 0.821 0.251 "" "" 1.936 0.124 116.32959074091612 -28.596551240641435 1.2017
19458 421.603 325.583 21.21 0.093 0.842 0.189 "" "" 1.748 0.097 116.42688636896978 -28.579933281094515 2.0288
19524 277.342 587.625 20.987 0.099 1.635 0.188 "" "" 1.548 0.104 116.44641286033925 -28.548068396431137 1.2105
20424 3460.65 3451.75 21.179 0.055 1.333 0.169 "" "" 1.574 0.065 116.0070612161269 -28.204209510829003 1.0226
21877 1091.75 3857.23 22.146 0.112 -0.284 0.138 "" "" 1.984 0.119 116.33152417561712 -28.152907608567794 0.6581
22690 486.717 1047.44 22.398 0.18 -0.401 0.221 "" "" 2.184 0.181 116.4172494621381 -28.49258383834311 3.3566
23206 4034.73 3203.64 21.729 0.077 1.202 0.147 "" "" 1.615 0.099 115.92857761460021 -28.234786928080432 4.9232
2365 2677.81 3320.85 17.236 0.041 0.723 0.069 "" "" 1.223 0.07 116.11454468366385 -28.219332511302348 3.4038
1548 645.821 986.862 16.492 0.037 0.881 0.057 0.436 0.068 1.283 0.044 116.39549002107364 -28.50006715913651 4.7298
5595 3434.98 68.282 18.525 0.032 1.202 0.116 "" "" 1.354 0.054 116.01389749066713 -28.61389123761226 4.5779
7104 3852.24 1775.71 19.008 0.027 0.938 0.048 0.213 0.075 1.493 0.038 115.95500293599586 -28.40752593893388 4.0845
7608 2916.04 113.985 19.183 0.06 0.982 0.165 "" "" 1.683 0.093 116.08501781035945 -28.607874629466167 3.3150
5739 3321.6 2094.83 18.62 0.023 1.024 0.037 0.142 0.057 1.505 0.04 116.02745977600051 -28.368390272654054 2.8519
7973 3505.28 1406.51 19.139 0.037 1.112 0.061 0.656 0.141 1.457 0.048 116.00294531771611 -28.451909987325482 3.7444
8025 4092.15 810.717 19.214 0.022 1.229 0.049 "" "" 1.644 0.038 115.92304850337122 -28.524600377748644 3.6052
8171 3616.88 1912.34 19.396 0.029 1.377 0.092 "" "" 1.95 0.04 115.9871452483509 -28.39076256046248 4.1245
3315 1456.84 496.852 17.622 0.044 1.024 0.057 0.29 0.056 1.457 0.047 116.284750741228 -28.560156612121922 4.5544
2921 1818.14 241.865 17.332 0.044 1.008 0.071 0.465 0.073 1.291 0.052 116.23545357744543 -28.591368965637653 3.1797
10820 144.84 1769.03 19.584 0.06 2.144 0.121 "" "" 1.436 0.064 116.46342574307178 -28.404888383456534 4.9491
2847 3088.98 377.391 17.348 0.026 1.067 0.046 0.554 0.06 1.391 0.038 116.06104343798667 -28.576139450973038 3.6592
10798 4057.56 718.764 19.791 0.023 1.086 0.062 "" "" 1.577 0.043 115.92788214088196 -28.53570285067755 4.1794
13007 3790.76 659.979 20.109 0.045 1.091 0.112 "" "" 1.446 0.069 115.96452751291717 -28.542573131321696 4.8194
13072 3305.77 3155.72 20.185 0.034 0.779 0.064 "" "" 1.5 0.043 116.02859089436035 -28.239911932234417 3.9972
13081 3347.16 792.747 20.208 0.06 1.747 0.203 "" "" 1.77 0.076 116.02523071283026 -28.526083821906305 4.0434
11848 3709.86 360.635 19.881 0.037 2.068 0.166 "" "" 1.533 0.057 115.97591515263679 -28.578745619023277 4.0660
13927 1274.55 3942.58 20.468 0.074 0.711 0.111 "" "" 1.83 0.136 116.30637215269488 -28.142742473373243 3.7756
4933 3314.09 672.118 18.364 0.034 0.871 0.048 0.328 0.055 1.343 0.046 116.0298840085702 -28.540660096971134 4.5846
8438 589.283 310.333 19.212 0.051 1.591 0.075 "" "" 1.75 0.061 116.40390642939708 -28.581935787288693 4.6576
15811 1175.76 3150.02 20.718 0.055 1.38 0.136 "" "" 1.859 0.063 116.32069652886453 -28.238622067112566 3.3533
16361 3057.63 450.208 20.812 0.061 0.685 0.085 "" "" 1.658 0.113 116.06527127170912 -28.567292865939354 4.2910
1918 3696.99 416.177 16.897 0.019 0.922 0.033 0.209 0.05 1.273 0.037 115.97762565233927 -28.5720080503516 3.9428
18005 271.46 1622.05 20.986 0.082 1.444 0.191 "" "" 1.746 0.085 116.44620569177458 -28.42280396197091 4.4884
18443 1043.19 3911.21 21.161 0.084 0.814 0.144 "" "" 1.866 0.089 116.33813057320563 -28.146326005331538 3.8726
19010 1367.31 1032.13 21.005 0.114 1.067 0.204 "" "" 1.585 0.12 116.29650387997292 -28.49525634167566 3.0864
8356 3149.46 3011.13 19.285 0.022 1.041 0.042 0.282 0.081 1.529 0.031 116.05016825594103 -28.25727508980598 3.0245
2983 3388.77 1199.42 17.243 0.027 1.422 0.036 0.823 0.042 1.878 0.037 116.01912593906337 -28.47687829519232 4.2033
21097 3160.41 389.684 21.383 0.083 0.092 0.602 "" "" 1.558 0.125 116.05123579925757 -28.574717288443935 3.4850
21198 3271.94 3000.26 21.326 0.051 1.085 0.149 "" "" "" "" 116.03338254961197 -28.258705201509613 3.4542
21679 774.847 375.821 21.961 0.086 -0.19 0.14 "" "" 2.124 0.101 116.37839482984704 -28.574178319629368 4.3087
5969 2510.71 3495.95 18.661 0.022 1.017 0.031 0.619 0.057 1.529 0.033 116.13728842185625 -28.197974239288683 4.3986
22514 1850.99 237.907 21.976 0.114 0.353 0.2 "" "" 2.035 0.123 116.23095255439931 -28.59187877927246 3.7350
