id x y V eV BV eBV UB eUB VI eVI ra dec d_arcsec
115 2206.81 3025.74 14.195 0.029 0.704 0.032 0.285 0.026 0.915 0.038 118.57214505007241 -38.09405309980212 6.7403
220 4101.06 3647.32 14.573 0.022 0.694 0.029 1.87 0.03 1.683 0.044 118.28003290695094 -38.020732766361306 6.9554
1947 1310.13 320.489 17.4 0.098 -0.06 0.187 0.866 0.225 0.332 0.15 118.71341462731127 -38.420159815799686 7.1911
2196 1289.39 301.879 18.282 0.115 -0.101 0.178 -0.755 0.216 1.848 0.182 118.71662759302163 -38.422389289820295 6.0943
2899 850.13 321.003 17.933 0.299 1.575 0.461 "" "" 1.997 0.354 118.78416319594619 -38.419659403989044 6.8078
3101 4106.7 2713.79 17.888 0.013 1.068 0.021 0.376 0.045 1.265 0.027 118.28032418644594 -38.13356610765698 13.1434
3533 3117.39 917.929 18.057 0.02 1.092 0.026 0.48 0.042 1.281 0.035 118.43471173768768 -38.349674198119295 5.9756
3918 549.905 791.236 18.41 0.032 1.672 0.047 "" "" 2.345 0.04 118.829754920734 -38.36254021708754 9.6778
4761 2964.85 1583.08 19.055 0.106 0.936 0.159 1.724 0.662 3.578 0.165 118.45734718383638 -38.269137616491186 10.0680
5092 4110.83 2879.93 18.779 0.025 0.855 0.032 0.233 0.062 0.947 0.047 118.2794827635095 -38.113490089734576 6.5161
5350 4.018 51.348 18.673 0.041 1.169 0.055 0.179 0.087 1.232 0.05 118.91463214510598 -38.451444172507095 6.5546
5378 2954.18 1752.99 18.453 0.094 1.734 0.143 -0.128 0.146 "" "" 118.45877736028136 -38.2485918487133 5.9580
5469 3775.46 494.519 18.903 0.059 1.623 0.096 "" "" 2.139 0.078 118.33402439508059 -38.40147523585317 8.0285
5525 3598.74 33.072 19.525 0.103 -0.086 0.128 1.172 0.114 "" "" 118.36177715691413 -38.45707809822156 5.7544
6658 3982.81 56.177 19.367 0.079 0.578 0.102 0.725 0.121 1.154 0.143 118.30267750481865 -38.454651532682185 7.0263
8164 4107.55 2494.4 19.455 0.017 1.056 0.031 "" "" 1.277 0.031 118.28046576786515 -38.160082752903534 7.1731
8519 5.556 186.583 19.574 0.038 0.738 0.055 0.293 0.101 1.151 0.046 118.91422773880984 -38.43510091392934 19.2886
9005 1391.03 2939.69 19.651 0.027 0.985 0.038 0.504 0.115 1.375 0.035 118.6977209618674 -38.10367596716043 6.7492
9318 7.133 93.354 19.615 0.04 1.118 0.064 0.246 0.116 1.256 0.049 118.9141009107895 -38.44637022640389 7.8315
9381 2745.66 2756.61 20.043 0.432 0.57 0.531 "" "" "" "" 118.48960255908727 -38.12709401054426 9.8507
9553 4107.65 3869.18 20.107 0.037 1.659 0.078 "" "" 2.367 0.046 118.27874396817549 -37.99392468170909 15.5229
9739 7.21 11.754 19.595 0.047 1.306 0.073 0.067 0.139 1.178 0.054 118.9141903524296 -38.45623260965511 10.5682
10088 2774.47 2494.23 20.004 0.1 1.578 0.209 "" "" 2.463 0.156 118.48549717968123 -38.15883313807115 5.7037
10196 4089.62 77.876 19.869 0.102 0.713 0.168 "" "" 1.259 0.125 118.2862229131755 -38.4521307247228 6.4525
10867 1943.82 934.459 19.98 0.038 1.74 0.065 "" "" 2.179 0.054 118.61518936453636 -38.34655817533589 5.4744
11658 4101.34 3461.98 20.055 0.027 1.248 0.06 0.309 0.18 1.487 0.041 118.28021989195291 -38.04313352964306 6.9768
11943 709.394 2630.04 20.092 0.04 1.157 0.058 "" "" 1.476 0.052 118.80294271381977 -38.14045131006476 6.0471
12168 4098.19 81.449 19.709 0.097 0.931 0.124 0.439 0.178 -0.299 0.116 118.28490038977746 -38.451707051593665 10.4603
12193 3995.7 3.601 20.062 0.041 1.217 0.068 "" "" 1.313 0.046 118.30076024796304 -38.46101823592441 12.2188
12497 4082.64 52.526 20.413 0.057 0.827 0.095 -0.121 0.149 1.834 0.086 118.28732792068826 -38.45518791675782 8.1079
12516 1695.26 1072.24 20.315 0.057 1.106 0.081 "" "" 1.624 0.06 118.65324752649929 -38.329668909142214 5.2772
12568 3171.29 1719.92 20.989 0.094 1.902 0.525 "" "" 2.398 0.097 118.42542632028547 -38.25279560601867 7.9922
13367 4100.72 3994.57 20.337 0.033 1.217 0.062 "" "" 1.553 0.044 118.27965418241008 -37.97876323765708 11.6995
13449 2977.38 1752.94 20.841 0.089 -0.264 0.135 "" "" 1.66 0.109 118.4552092014869 -38.24861999680211 10.5570
13943 1972.04 2230.4 20.443 0.043 0.955 0.074 "" "" 1.443 0.048 118.60924049248858 -38.189955507829474 7.6435
13986 1277.49 2943.43 20.63 0.044 1.722 0.117 "" "" 1.836 0.05 118.71517906949099 -38.103115763483125 7.2328
14245 4103.04 4040.72 20.499 0.04 1.034 0.07 "" "" 1.515 0.049 118.27924007751808 -37.973187683437 8.6397
14262 4108.71 2208.96 19.904 0.073 1.846 0.111 "" "" 0.804 0.078 118.28064165377265 -38.194582604890456 6.5332
14869 0.01 611.452 19.442 0.148 2.566 0.184 "" "" "" "" 118.91455336762303 -38.3837452652442 5.8936
15283 1942.51 975.698 20.675 0.062 1.437 0.097 "" "" 1.674 0.067 118.61533965885123 -38.34157271396223 7.9154
15412 3307.37 3746.38 20.37 0.286 1.271 0.312 "" "" 1.176 0.273 118.40198155454824 -38.008003982796325 6.4192
16267 2097.64 294.503 20.707 0.05 1.316 0.095 "" "" 1.475 0.061 118.59232577821739 -38.42405086751181 5.9482
16275 1516.31 2111.05 20.842 0.054 1.358 0.117 "" "" 1.689 0.064 118.67948110282438 -38.20394612419068 8.2183
16340 1026.33 2166.53 20.988 0.107 1.571 0.21 "" "" 1.931 0.12 118.75477244860188 -38.196773866429965 5.6303
16964 159.547 659.553 20.146 0.342 1.969 0.421 "" "" "" "" 118.88995645409307 -38.37808370663753 9.4707
17183 3035.09 1918.92 20.849 0.054 1.326 0.108 "" "" 1.477 0.064 118.44612723260153 -38.228614367874236 8.1025
17723 3.424 68.035 20.795 0.057 1.135 0.098 "" "" 1.06 0.08 118.91470279144394 -38.449426788343445 8.1159
18172 3858.05 1320.94 19.708 0.451 2.217 0.532 "" "" 0.109 0.434 118.32029605715047 -38.30167132975879 5.8924
18445 346.207 2350.59 21.198 0.084 0.79 0.127 "" "" 1.618 0.101 118.85914868907403 -38.1738800502675 5.1243
18753 4105.68 2918.76 21.368 0.075 1.458 0.212 "" "" 1.875 0.083 118.28022665002234 -38.108792125293746 15.3718
19137 1181.71 1047.25 21.306 0.07 0.992 0.124 "" "" 1.646 0.074 118.73226388195448 -38.33219993006939 7.3984
19175 921.435 4019.76 20.957 0.094 1.918 0.517 "" "" 0.721 0.194 118.76860528839718 -37.97268950376951 8.9587
19179 1312.12 278.601 21.479 0.286 -0.367 0.341 "" "" 1.428 0.279 118.71316055277155 -38.425224364283565 10.0599
19466 1889.67 954.187 21.255 0.072 1.177 0.153 "" "" 1.507 0.073 118.62349328957407 -38.34412222265795 6.5936
19471 743.443 3747.95 21.215 0.072 1.123 0.135 "" "" 1.5 0.084 118.79631830386165 -38.005371315206226 7.3077
19512 3010.59 964.181 21.21 0.071 1.18 0.138 "" "" 1.46 0.076 118.4510804484232 -38.343982346255885 6.4579
19527 4104.92 3168.43 21.252 0.057 1.317 0.153 "" "" 1.57 0.069 118.28003364189517 -38.07861587531737 9.1594
19611 1647.36 693.317 21.334 0.075 1.135 0.159 "" "" 1.596 0.079 118.66108500308519 -38.37542052542477 6.6992
19755 1271.07 1162.04 21.239 0.064 0.997 0.123 "" "" 1.406 0.087 118.71837759865805 -38.31841136471547 7.4399
19942 2981.94 2145.31 21.374 0.077 1.226 0.149 "" "" 1.611 0.084 118.45402083975428 -38.201201859596985 12.3293
19977 2549.47 1290.35 21.331 0.072 1.096 0.147 "" "" 1.536 0.082 118.52159706294474 -38.30412166968751 7.8827
19992 749.965 1010.18 21.477 0.084 1.397 0.218 "" "" 1.673 0.085 118.79871340789606 -38.336268903585776 5.5558
20042 2482.63 110.504 21.321 0.085 1.598 0.215 "" "" 1.608 0.102 118.53334169159454 -38.446656107796834 5.1561
20067 1229.22 464.474 21.456 0.074 1.116 0.175 "" "" 1.714 0.085 118.72568007891432 -38.402680461244735 10.0600
20095 3382.28 3022.2 21.357 0.065 1.114 0.146 "" "" 1.568 0.078 118.39135907465032 -38.095600940195965 5.7887
20124 806.277 1482.51 21.334 0.074 0.812 0.121 "" "" 1.36 0.097 118.78946620398919 -38.27923597899595 6.5199
20139 413.985 936.179 21.259 0.055 1.118 0.124 "" "" 1.37 0.069 118.85047986553478 -38.34489266344186 6.2256
20147 3492.37 3394.29 21.439 0.072 1.258 0.194 "" "" 1.68 0.082 118.3739650942644 -38.050734426262046 6.0560
20173 2186.95 339.632 21.221 0.085 1.149 0.133 "" "" 1.323 0.098 118.57853365043837 -38.41868159727429 5.3718
20188 549.678 1352.9 21.293 0.078 0.938 0.138 "" "" 1.359 0.094 118.82909267921289 -38.294656368209495 9.7404
20194 1869.75 1055.24 21.392 0.066 1.097 0.157 "" "" 1.615 0.082 118.62643160771938 -38.331889811458765 5.6690
20216 2459.08 951.546 21.22 0.058 1.184 0.13 "" "" 1.261 0.079 118.53591981604353 -38.34498395324704 6.0755
20250 1002.59 444.292 21.91 0.113 -0.25 0.142 "" "" 1.619 0.122 118.76056141791045 -38.40490375735756 9.6691
20262 757.937 2406.51 21.438 0.087 1.464 0.198 "" "" 1.648 0.094 118.79575412543127 -38.16751376449057 16.1164
20283 1205.27 813.099 21.248 0.07 1.205 0.144 "" "" 1.328 0.088 118.72893092761244 -38.36052225212888 7.1195
20311 245.573 1210.51 21.257 0.057 1.095 0.139 "" "" 1.254 0.083 118.87604156478073 -38.31157610537931 9.2920
20387 1971.65 1296.41 21.541 0.104 0.997 0.168 "" "" 1.701 0.109 118.61045977276711 -38.30283870008374 5.7292
20401 651.972 1556.31 21.244 0.072 1.125 0.136 "" "" 1.28 0.082 118.81310711490619 -38.27016936779331 11.8263
20411 235.638 1916.68 22.029 0.112 -0.182 0.145 "" "" 1.391 0.176 118.87669307381115 -38.22621777444061 5.7691
20417 1470.05 1712.38 22.04 0.139 -0.181 0.164 "" "" 1.647 0.148 118.68709085369514 -38.25208595788849 5.2703
20427 609.98 992.289 21.647 0.117 1.489 0.278 "" "" 1.776 0.117 118.82026567495336 -38.3382978612103 8.2122
20474 596.305 627.178 21.384 0.073 1.385 0.185 "" "" 1.509 0.081 118.82282211288226 -38.382412746159766 12.2883
20476 2798.56 1451.0 21.367 0.087 0.986 0.154 "" "" 1.431 0.106 118.48308696381055 -38.28494258055465 10.0766
20522 439.343 2046.07 21.522 0.071 1.173 0.159 "" "" 1.76 0.086 118.84520210760469 -38.210773577278204 5.7859
20533 1164.85 452.513 21.795 0.091 -0.237 0.128 "" "" 1.609 0.097 118.73559520012638 -38.40406475546402 6.4902
20537 4070.26 2718.87 21.371 0.065 1.137 0.145 "" "" 1.465 0.078 118.28592244857882 -38.132917410416496 5.2734
20567 938.636 2036.08 21.38 0.083 0.927 0.14 "" "" 1.402 0.095 118.76842193440424 -38.21245671244623 6.8917
20581 2937.0 122.902 21.532 0.096 0.962 0.198 "" "" 1.682 0.112 118.46344300495421 -38.44559058982672 7.5511
20585 104.84 837.147 21.48 0.071 1.034 0.168 "" "" 1.583 0.079 118.89815009903337 -38.356567279469736 10.4213
20598 1542.21 1568.8 21.447 0.072 0.73 0.126 "" "" 1.438 0.087 118.67617067234572 -38.269508026461295 7.0132
20632 2294.3 1646.35 21.329 0.079 1.407 0.438 "" "" 1.363 0.092 118.56040100007891 -38.260851799089 5.5287
20639 2159.8 2282.67 21.508 0.095 0.254 0.601 "" "" 1.572 0.107 118.58029763283511 -38.183816967973804 8.6722
20648 2478.86 2447.4 21.627 0.115 -0.087 0.533 "" "" 1.684 0.121 118.53102089994027 -38.16421143090372 5.4618
20660 2089.24 597.183 21.296 0.091 2.621 0.533 "" "" 1.361 0.096 118.59324202448029 -38.3874604625517 6.5799
20667 4003.99 3391.27 21.389 0.063 1.325 0.212 "" "" 1.488 0.084 118.29528034474953 -38.051586900984475 7.8033
20685 2341.81 701.73 20.811 0.394 0.155 0.754 "" "" 0.822 0.378 118.55426632899533 -38.37506538980103 5.1097
20687 2825.95 569.055 21.448 0.076 0.837 0.136 "" "" 1.46 0.09 118.47996900735667 -38.39156199755591 10.8558
20691 2344.0 750.606 21.45 0.074 1.209 0.154 "" "" 1.596 0.091 118.55386883484888 -38.36916024288399 6.5991
20735 1862.57 1881.84 21.398 0.087 1.158 0.176 "" "" 1.461 0.106 118.62650990908493 -38.23197873809372 5.1352
20767 664.609 1550.6 21.517 0.086 1.023 0.172 "" "" 1.585 0.095 118.81117059858651 -38.27087152832108 12.4411
20780 485.642 2131.91 21.833 0.095 1.239 0.247 "" "" 2.131 0.109 118.8379746526965 -38.20044292781648 7.9759
20801 786.743 1080.32 21.365 0.07 1.154 0.143 "" "" 1.369 0.086 118.79296979508769 -38.327826710255884 12.3318
20827 555.091 2517.92 20.734 0.436 2.29 0.502 "" "" 0.83 0.416 118.8268140867819 -38.153855297016555 11.0895
20842 673.839 1485.13 21.427 0.086 1.176 0.151 "" "" 1.487 0.099 118.8098322637628 -38.2787931343038 7.9140
20848 598.953 3566.32 21.464 0.06 -0.16 0.445 "" "" 1.306 0.084 118.81876668964365 -38.02718574465295 11.4377
20860 937.926 1170.76 21.447 0.09 0.817 0.138 "" "" 1.335 0.108 118.76960519619573 -38.317040030933335 7.3726
20877 592.809 1148.82 21.664 0.104 1.219 0.208 "" "" 1.744 0.108 118.82271232867946 -38.31936290715815 5.6077
20890 3601.88 4021.72 21.833 0.088 -0.018 0.132 "" "" 1.677 0.099 118.35634338349989 -37.975006548353036 5.4555
20908 1662.03 700.851 21.488 0.089 1.004 0.179 "" "" 1.516 0.105 118.65881936717061 -38.37452393142891 13.7841
20932 423.667 1138.77 21.452 0.058 1.204 0.171 "" "" 1.491 0.074 118.84873928632706 -38.320416407809155 6.6949
20938 3276.14 1721.52 21.576 0.086 1.053 0.173 "" "" 1.638 0.096 118.40929812928361 -38.25270212868483 7.9454
20942 3178.68 375.231 21.776 0.11 0.158 0.154 "" "" 1.375 0.142 118.42595878844884 -38.415323966068314 8.8211
20943 1816.94 2975.36 21.712 0.093 1.348 0.246 "" "" 1.789 0.098 118.6321706119549 -38.09977064034133 6.6465
20952 1179.09 389.765 21.582 0.092 1.123 0.202 "" "" 1.659 0.103 118.73348293553038 -38.41166214959871 5.2244
20966 1035.35 1594.96 21.411 0.081 1.129 0.168 "" "" 1.392 0.097 118.75409459929143 -38.26586334870943 6.3316
20992 916.548 1813.29 21.69 0.081 0.892 0.185 "" "" 1.796 0.093 118.77209566057728 -38.239362431898705 5.5651
20997 736.593 258.134 21.431 0.123 1.471 0.462 "" "" 1.423 0.133 118.80170351931143 -38.42714967619908 6.4753
21004 3343.04 235.295 21.439 0.078 0.949 0.161 "" "" 1.379 0.094 118.40085348220384 -38.432393463168076 13.7978
21023 833.521 1787.83 21.445 0.093 0.934 0.169 "" "" 1.384 0.104 118.7848970327046 -38.24236046097931 10.7032
21034 1144.54 1206.94 21.338 0.076 1.279 0.188 "" "" 1.26 0.091 118.73778251329158 -38.31286411900659 9.5480
21035 937.749 970.251 21.435 0.081 0.88 0.139 "" "" 1.323 0.094 118.7698812972281 -38.34127370901315 5.0636
21071 776.286 96.154 21.357 0.07 1.017 0.136 "" "" 1.113 0.098 118.79579968637502 -38.446764664338694 6.6435
21086 743.225 2130.33 21.432 0.066 1.279 0.161 "" "" 1.435 0.089 118.79835967277447 -38.20087931481053 9.0323
21102 1171.34 1023.83 21.571 0.077 1.292 0.207 "" "" 1.568 0.081 118.73388788478391 -38.335020629138924 7.7968
21104 1242.08 1395.66 21.487 0.072 1.083 0.148 "" "" 1.465 0.083 118.72254636033715 -38.29014804647228 7.6454
21110 1604.57 1054.09 21.502 0.125 1.027 0.214 "" "" 1.498 0.153 118.66721841472952 -38.33177613830707 5.2695
21114 2892.89 1942.35 21.525 0.075 0.995 0.148 "" "" 1.517 0.09 118.46796888356668 -38.22564709118473 8.1848
21131 3979.05 552.402 21.447 0.076 0.972 0.141 "" "" 1.347 0.093 118.30263987287432 -38.394673382463864 6.4412
21136 887.233 1548.94 21.641 0.109 0.978 0.192 "" "" 1.628 0.112 118.77693250386403 -38.27128427524071 8.6823
21158 1031.27 1166.8 21.387 0.092 1.138 0.167 "" "" 1.297 0.104 118.75525355941915 -38.317607581382084 5.3444
21161 917.439 2861.41 21.43 0.097 1.692 0.52 "" "" 1.387 0.107 118.77065766350108 -38.11268577793909 6.0670
21169 1974.07 1560.54 21.474 0.062 0.893 0.124 "" "" 1.283 0.097 118.60975972409953 -38.27091782069249 5.5888
21180 1458.95 933.94 21.493 0.077 0.968 0.144 "" "" 1.424 0.084 118.68976428659941 -38.34615891741401 7.6723
21238 1151.86 365.102 21.89 0.124 1.407 0.362 "" "" 1.897 0.126 118.73770159343536 -38.414617015445714 10.8473
21245 2776.51 3521.96 21.492 0.056 1.03 0.129 "" "" "" "" 118.4839077720893 -38.034621947736014 13.0748
21265 209.579 1821.64 21.422 0.084 1.041 0.143 "" "" 1.278 0.098 118.88081898295208 -38.237679635710066 9.5295
21289 1244.92 2083.07 21.726 0.087 0.348 0.147 "" "" 1.563 0.103 118.72125632634925 -38.207069251959865 6.3403
21296 1306.89 2127.64 21.45 0.081 0.957 0.158 "" "" 1.226 0.112 118.71166985613397 -38.201741493772424 6.0130
21300 3149.92 205.218 21.464 0.078 1.354 0.229 "" "" 1.406 0.1 118.4305931772796 -38.43584461361171 5.6115
21312 719.61 1618.4 21.513 0.072 0.841 0.132 "" "" 1.308 0.099 118.80262714505766 -38.26272951414169 12.4261
21317 2733.61 759.88 21.767 0.117 1.278 0.264 "" "" 1.892 0.134 118.49393428368609 -38.36841059322104 5.5710
21326 1317.02 1619.83 21.618 0.09 0.989 0.187 "" "" 1.582 0.1 118.71074214502919 -38.26312589544771 6.5044
21359 64.062 2257.8 21.945 0.101 -0.148 0.149 "" "" 1.552 0.121 118.9026585039855 -38.18482597358822 5.9940
21404 1125.24 1355.44 21.79 0.114 1.322 0.252 "" "" 1.753 0.117 118.74056658112768 -38.29489777627584 7.7188
21408 1150.55 1979.18 21.769 0.122 0.827 0.198 "" "" 1.703 0.125 118.73589963137053 -38.219535651891476 11.3544
21424 3980.87 2324.91 21.5 0.057 1.011 0.143 "" "" 1.339 0.08 118.30015986038646 -38.180446891435416 7.4351
21442 2453.71 2134.46 21.605 0.077 0.713 0.14 "" "" 1.393 0.111 118.5352774667116 -38.20200990979031 16.2793
21453 2618.62 2245.59 21.481 0.09 1.216 0.195 "" "" 1.37 0.099 118.50977593814483 -38.18873568223385 6.4202
21467 2669.13 1206.78 21.594 0.079 0.957 0.157 "" "" 1.515 0.097 118.50329677073113 -38.31433608929447 6.2865
21478 864.074 2268.22 22.3 0.124 -0.235 0.175 "" "" 2.159 0.128 118.77960162624517 -38.184328848337884 6.7242
21502 491.6 827.444 21.598 0.091 0.978 0.174 "" "" 1.51 0.107 118.83867744018535 -38.35810850567762 8.4266
21539 1791.56 393.742 21.578 0.229 1.068 0.284 "" "" 1.478 0.229 118.63927850658285 -38.41176504550409 7.8430
21558 22.991 906.357 21.584 0.068 0.689 0.143 "" "" 1.281 0.104 118.91065278434064 -38.348124459421015 5.0400
21570 1452.83 1367.82 21.547 0.064 1.062 0.154 "" "" 1.413 0.087 118.69016701338656 -38.29371363757569 7.2578
21574 2633.1 2017.0 21.646 0.094 1.066 0.18 "" "" 1.615 0.114 118.50783260913548 -38.216377241266805 5.1631
21575 1072.59 1064.08 21.691 0.111 1.118 0.204 "" "" 1.634 0.12 118.74902593427136 -38.33006185889955 6.3932
21578 3136.16 3703.48 21.777 0.097 -0.118 0.532 "" "" 1.672 0.106 118.42836735045574 -38.0130258179515 15.9758
21605 1231.96 2917.99 21.493 0.077 1.327 0.195 "" "" "" "" 118.72221327983517 -38.10614710254811 6.9838
21615 50.207 287.522 21.569 0.097 0.816 0.158 "" "" 1.34 0.111 118.90723500927905 -38.422943804336164 8.5203
21627 3819.01 3022.82 21.643 0.094 1.221 0.19 "" "" 1.537 0.099 118.32418808549917 -38.09594212320309 9.0317
21628 2594.96 546.259 21.633 0.094 0.971 0.195 "" "" 1.5 0.102 118.51552417036713 -38.39409707178088 10.2363
21652 1791.76 1042.68 21.597 0.103 1.21 0.189 "" "" 1.502 0.115 118.63844226415543 -38.33333352463741 7.2148
21655 2556.73 2444.78 21.572 0.09 0.958 0.174 "" "" 1.389 0.111 118.51904754170418 -38.16460228309546 5.5522
21665 1754.9 1084.1 21.682 0.103 1.232 0.218 "" "" 1.585 0.109 118.64406001705882 -38.32829231519511 5.7946
21678 1537.31 2444.46 21.592 0.09 1.017 0.169 "" "" 1.443 0.109 118.67583740894226 -38.1636696533895 7.3577
21694 1140.85 1226.89 21.703 0.072 0.975 0.167 "" "" 1.655 0.091 118.73832528241422 -38.31044941343413 7.2237
21713 3188.68 3310.92 21.417 0.06 1.027 0.139 "" "" 0.735 0.099 118.42077689429549 -38.06052130480744 14.1492
21721 108.772 689.684 21.52 0.078 1.272 0.178 "" "" 1.339 0.11 118.89772838275267 -38.374393646017644 9.2179
21740 2822.36 1293.03 21.825 0.089 0.254 0.273 "" "" 1.696 0.104 118.47962253862718 -38.304057770632404 9.7436
21741 1269.86 2177.97 21.812 0.108 0.717 0.156 "" "" 1.667 0.119 118.7173026961159 -38.19562324513467 5.1716
21797 301.455 2619.74 21.657 0.085 0.833 0.149 "" "" 1.419 0.11 118.86569758676436 -38.14130749986297 14.4354
21801 488.786 1042.56 21.519 0.085 1.068 0.19 "" "" 1.17 0.122 118.83884323213881 -38.332106551780484 5.7735
21806 3649.89 1430.72 21.724 0.107 -0.001 0.605 "" "" 1.524 0.121 118.35217534884664 -38.288204803569286 8.9141
21819 49.613 1090.24 21.682 0.108 0.554 0.16 "" "" 1.252 0.126 118.90633000964537 -38.325925423829666 5.3493
21846 3852.19 72.08 21.643 0.104 2.089 0.526 "" "" 1.559 0.124 118.3227474641533 -38.45260501500998 6.2181
21865 2166.07 3260.73 21.719 0.08 0.721 0.138 "" "" 1.462 0.099 118.57811929208664 -38.0656130056874 5.7564
21934 1856.51 2984.43 21.739 0.082 0.838 0.17 "" "" 1.537 0.098 118.62607338419437 -38.09871212763547 5.5392
21965 999.022 1619.15 21.824 0.123 1.162 0.262 "" "" 1.727 0.141 118.75965191560788 -38.26290509222798 10.3506
21966 2352.62 1895.17 21.753 0.092 0.823 0.18 "" "" 1.534 0.106 118.55112238802505 -38.23083457305036 6.9020
21967 1197.25 1878.79 21.778 0.095 0.968 0.21 "" "" 1.617 0.11 118.72884165604242 -38.23171344786083 10.9134
21986 934.16 2647.64 21.651 0.085 1.114 0.214 "" "" 1.423 0.112 118.76835126777131 -38.138538302685404 7.0804
22076 749.957 1270.73 21.712 0.124 0.86 0.205 "" "" 1.411 0.135 118.79839123560403 -38.30477839546512 5.3432
22107 3882.52 570.072 21.689 0.118 0.977 0.447 "" "" 1.399 0.14 118.31746450753236 -38.39244578329317 8.3226
22109 3591.61 107.934 21.689 0.079 1.009 0.208 "" "" 1.395 0.106 118.36278084858864 -38.44802336059312 7.1805
22111 3078.36 3601.69 21.618 0.081 1.094 0.181 "" "" 1.271 0.103 118.43738348696523 -38.02527325240725 5.1153
22114 1400.38 2234.84 21.729 0.107 0.909 0.175 "" "" 1.434 0.117 118.69715778894671 -38.18887420334414 5.5373
22121 1268.6 892.231 21.644 0.081 1.095 0.191 "" "" 1.299 0.115 118.7190923864071 -38.35101856972447 7.5370
22124 3080.94 1211.05 21.699 0.107 1.163 0.552 "" "" 1.425 0.119 118.43995401245489 -38.314212383486606 7.1780
22127 485.683 3359.83 21.747 0.124 1.062 0.231 "" "" 1.503 0.139 118.83644421453272 -38.05203454096773 6.7681
22155 1350.25 681.221 21.71 0.091 0.979 0.178 "" "" 1.407 0.108 118.70679631436454 -38.37659938082439 5.3144
22163 1148.14 1270.84 21.652 0.098 1.176 0.213 "" "" 1.352 0.109 118.7371495091934 -38.30514449024972 5.7528
22165 1602.42 2790.05 21.755 0.082 0.985 0.173 "" "" 1.505 0.107 118.66539436316259 -38.12196311590086 6.9413
22180 688.434 1029.62 21.812 0.106 0.903 0.2 "" "" 1.569 0.129 118.8081529075694 -38.333860726428696 8.7534
22191 579.253 2681.55 21.918 0.116 0.635 0.376 "" "" 1.673 0.128 118.82289480518904 -38.13410172834242 6.9675
22240 710.205 4008.36 21.796 0.104 0.831 0.211 "" "" 1.478 0.122 118.80110716650768 -37.973866066104286 5.1393
22261 3381.98 2960.39 21.765 0.092 0.922 0.195 "" "" 1.437 0.11 118.39148193591967 -38.103071112370316 8.6901
22270 937.791 1944.91 21.793 0.093 0.973 0.206 "" "" 1.511 0.122 118.76866506064262 -38.223474863115996 6.9502
22273 1119.67 1251.2 21.668 0.109 1.08 0.218 "" "" 1.162 0.176 118.74155264764818 -38.30749108660072 5.0552
22275 959.178 272.58 21.863 0.143 1.125 0.269 "" "" 1.613 0.155 118.76745143162624 -38.425615788373456 10.0233
22286 1958.24 1807.07 21.851 0.102 1.079 0.22 "" "" 1.644 0.127 118.61188841896758 -38.2411067175417 5.6036
22289 1450.37 2064.65 21.796 0.102 0.94 0.197 "" "" 1.469 0.113 118.68968044090595 -38.2094912765567 10.6291
22310 946.966 402.121 22.173 0.163 1.659 0.526 "" "" 1.931 0.167 118.76916887896657 -38.40994761495043 7.9294
22332 67.825 863.202 21.722 0.098 0.982 0.251 "" "" 1.293 0.132 118.90381076285624 -38.35338296145329 10.5942
22337 2258.24 1231.37 21.769 0.123 1.628 0.286 "" "" 1.499 0.135 118.56646220867012 -38.31097260472806 9.6014
22339 1151.96 2885.37 21.588 0.115 1.076 0.21 "" "" 0.937 0.157 118.73455797863566 -38.1100133851082 5.4579
22347 626.22 2093.35 22.11 0.149 0.402 0.272 "" "" 1.787 0.159 118.81640124940967 -38.20523729568571 6.4757
22354 354.002 1208.76 21.651 0.098 1.062 0.173 "" "" 1.243 0.106 118.85936707231433 -38.31189092462041 7.1965
22397 529.387 1276.19 21.933 0.111 0.846 0.213 "" "" 1.616 0.126 118.83230870306122 -38.30390833136597 11.8346
22434 2294.52 2106.56 21.773 0.074 0.937 0.182 "" "" 1.253 0.12 118.55979593662578 -38.20523027301442 10.1087
22438 395.983 3806.11 21.814 0.105 1.355 0.312 "" "" 1.478 0.122 118.84968637329561 -37.99801094159159 10.0976
22441 2356.36 946.578 21.863 0.113 0.024 0.591 "" "" 1.444 0.124 118.55172458792387 -38.345486522055225 5.4526
22464 701.715 97.643 21.93 0.11 0.77 0.214 "" "" 1.559 0.132 118.80726705358965 -38.446513649956486 5.4054
22471 1424.44 408.974 22.117 0.531 0.513 0.734 "" "" "" "" 118.69572361914743 -38.40957428831607 13.1789
22523 958.111 1881.79 21.849 0.117 0.973 0.209 "" "" 1.423 0.128 118.76561813783606 -38.2311230108173 15.6282
22533 1766.03 1901.31 21.94 0.121 0.881 0.202 "" "" 1.552 0.143 118.64133384755357 -38.22953357844165 5.3820
22557 927.075 3669.87 21.882 0.11 0.921 0.233 "" "" 1.447 0.128 118.76817213588518 -38.01498315705601 6.8050
22599 1360.89 1264.58 21.845 0.118 1.025 0.252 "" "" 1.368 0.135 118.7044357712336 -38.30610379274971 12.3778
22600 1142.55 3104.95 21.89 0.099 0.961 0.277 "" "" 1.435 0.124 118.73573271183635 -38.08346562016465 8.2233
22652 877.389 1205.16 21.923 0.099 1.03 0.234 "" "" 1.45 0.115 118.77887324724732 -38.312824710715795 8.7162
22690 2260.24 3731.04 21.989 0.137 0.626 0.445 "" "" 1.462 0.159 118.56305193576075 -38.00886029279061 8.2588
22695 2381.19 1024.57 21.937 0.173 2.046 0.577 "" "" 1.483 0.185 118.54780886271126 -38.33608393904366 5.1835
22706 483.612 2383.84 22.053 0.139 0.762 0.233 "" "" 1.52 0.155 118.83797416871882 -38.16999232047345 6.4432
22713 1143.42 2335.15 21.853 0.107 1.117 0.248 "" "" 1.202 0.152 118.73655440310704 -38.1765057401542 9.2610
22729 1072.56 1665.42 21.918 0.113 1.347 0.291 "" "" 1.42 0.149 118.74828414655599 -38.257382891264974 9.0643
22734 905.181 3693.36 22.028 0.123 0.03 0.593 "" "" 1.448 0.137 118.77151033400139 -38.01212325646738 5.5843
22760 1404.43 879.503 22.02 0.135 0.502 0.217 "" "" 1.278 0.152 118.69821717449794 -38.35268631578579 14.0117
22896 2524.56 882.304 22.161 0.142 0.915 0.29 "" "" "" "" 118.52593476559322 -38.35341504445206 8.7717
4101 3883.98 4080.86 18.302 0.017 1.137 0.029 0.413 0.057 1.326 0.028 118.3128822571265 -37.96812757636757 7.1142
5862 1205.72 320.139 19.351 0.125 0.426 0.15 "" "" 0.689 0.284 118.72947359362031 -38.42010263531547 12.4209
6287 3739.63 266.382 19.021 0.034 1.032 0.046 0.389 0.083 1.327 0.044 118.339818313762 -38.42901410909345 5.0898
6387 2824.71 3187.49 19.087 0.023 1.476 0.041 "" "" 1.693 0.029 118.47690964015742 -38.07509246577589 14.8673
7071 57.893 407.59 19.182 0.046 1.116 0.064 0.521 0.12 1.347 0.051 118.90590385020525 -38.4084395120905 5.7137
157 3982.98 68.142 14.547 0.04 0.438 0.049 0.404 0.052 0.889 0.05 118.30263650704491 -38.453205585126916 11.3825
1542 3864.96 181.405 16.787 0.032 1.052 0.04 1.096 0.054 -0.125 0.071 118.32064770708728 -38.439403983416376 7.0877
7973 625.241 3945.12 20.681 0.105 -0.329 0.116 "" "" 2.959 0.126 118.81425334801965 -37.98142840239504 13.5581
4867 3971.85 101.949 18.749 0.029 0.583 0.041 0.364 0.06 0.839 0.043 118.30430636794675 -38.44910901095154 7.3122
8502 485.23 4025.97 19.475 0.031 1.056 0.046 0.459 0.125 0.751 0.066 118.83568705356411 -37.9715233359771 6.9881
8614 230.886 4029.8 20.476 0.098 -0.078 0.111 "" "" 1.634 0.198 118.87480107402037 -37.9708180964171 6.7759
8648 4010.94 406.639 19.591 0.032 1.354 0.062 "" "" 1.67 0.046 118.29791603276435 -38.41232092266126 5.5068
6786 42.322 3557.0 19.225 0.051 0.956 0.065 "" "" "" "" 118.90438956581644 -38.02778181600588 6.9603
8725 3992.51 423.608 20.239 0.035 1.817 0.098 "" "" 3.178 0.047 118.30072955266088 -38.41025246133816 6.0097
8149 48.037 224.556 19.437 0.041 1.309 0.06 0.972 0.188 1.495 0.046 118.90764691631652 -38.430551910827454 6.8284
10557 844.584 3793.66 19.668 0.126 1.391 0.189 0.198 0.424 0.57 0.288 118.78070581609354 -37.99994309695608 8.5249
11675 100.989 130.901 19.857 0.041 2.165 0.078 -0.595 0.244 1.373 0.048 118.89961900729861 -38.44192166056454 6.7326
11079 4.034 673.196 20.781 0.077 1.766 0.182 "" "" 2.43 0.079 118.9138578273065 -38.37628661817285 16.4212
12520 467.164 1042.39 21.505 0.515 -0.376 0.551 "" "" "" "" 118.84216896346481 -38.33210649677423 7.6932
4970 3985.37 303.881 18.647 0.028 0.979 0.041 0.535 0.073 1.273 0.042 118.30197631224273 -38.424716059994225 7.2353
13019 7.104 611.559 21.127 0.123 -0.317 0.143 "" "" 1.601 0.136 118.91346215900303 -38.383739092226136 9.8971
13032 2128.39 1484.37 20.73 0.057 1.913 0.162 "" "" 2.76 0.078 118.58611944786044 -38.280270888275744 10.9586
13914 4045.06 94.539 20.562 0.051 1.155 0.09 "" "" 2.707 0.098 118.29305567543037 -38.4500743503451 6.1805
14116 3255.08 1779.24 20.491 0.035 1.115 0.06 "" "" 1.587 0.044 118.41246556867819 -38.24570592877011 9.8176
14335 767.696 134.24 19.703 0.08 2.04 0.12 "" "" 0.237 0.101 118.79707357738712 -38.442153343319646 6.1380
14463 359.665 3970.89 20.406 0.045 1.092 0.073 0.263 0.238 1.259 0.057 118.8550676469325 -37.978060756564666 6.4408
14836 4011.55 43.842 20.476 0.049 0.975 0.081 0.818 0.441 1.24 0.061 118.2982725280139 -38.45616974455081 5.3981
15042 4047.38 90.392 21.039 0.1 1.231 0.165 "" "" 2.029 0.102 118.29270400072934 -38.450577774069984 7.0060
15069 4081.56 123.31 20.516 0.045 0.998 0.083 "" "" 1.187 0.069 118.28740616823264 -38.44663181735257 7.6159
15115 37.639 3454.48 20.216 0.114 2.016 0.157 "" "" 1.211 0.119 118.9052370744931 -38.04016808944405 5.5164
11868 1215.27 1968.74 20.451 0.061 1.074 0.095 "" "" 1.95 0.065 118.72595848405395 -38.22085911276741 18.8297
15725 3347.43 121.933 20.639 0.049 1.023 0.093 "" "" 1.356 0.074 118.40031899710658 -38.446098763287985 6.2212
15893 1014.68 3816.61 20.738 0.045 1.328 0.103 "" "" 1.575 0.053 118.7545161188648 -37.997331390112485 5.5217
16163 829.319 320.802 19.31 0.25 2.46 0.342 "" "" -0.457 0.274 118.787364231823 -38.41966386841608 9.2938
17642 3733.83 27.241 20.719 0.057 2.267 0.279 "" "" 1.158 0.07 118.3410071981765 -38.457911556473114 5.2281
9650 456.083 3851.5 19.776 0.034 1.113 0.057 0.491 0.147 1.529 0.044 118.84038649617618 -37.99258229511896 5.0893
18265 15.692 133.642 20.883 0.077 1.352 0.127 "" "" 1.297 0.088 118.91273450742754 -38.44150910765369 8.1170
12148 3740.8 191.101 20.155 0.045 1.404 0.081 "" "" 1.633 0.057 118.33973180579693 -38.43811380904935 5.6385
18641 2014.06 1546.81 21.1 0.064 1.386 0.116 "" "" 1.59 0.074 118.603626199302 -38.27261535357264 13.4772
18715 1656.7 1370.6 21.85 0.127 -0.317 0.157 "" "" 2.016 0.129 118.65880782199253 -38.29357188996137 6.9855
18721 1152.24 868.502 21.776 0.098 -0.29 0.119 "" "" 1.918 0.098 118.73701831279963 -38.353775627555336 8.9029
18988 1509.24 805.249 21.647 0.069 -0.381 0.106 "" "" 1.459 0.097 118.68218928793029 -38.36176063923755 17.8658
19494 1739.57 516.503 21.474 0.085 0.706 0.435 "" "" 1.856 0.098 118.64712233021054 -38.396878413446785 15.7371
19629 3547.53 587.939 21.441 0.063 0.445 0.111 "" "" "" "" 118.36896467117317 -38.389967169210536 26.7693
19927 3656.8 352.38 21.25 0.058 1.094 0.125 "" "" 1.418 0.079 118.35245104165806 -38.418541329120984 6.6926
19941 3381.41 1445.86 21.26 0.056 1.014 0.126 "" "" 1.402 0.073 118.39344948486153 -38.28611915004306 24.5431
20035 1129.66 925.578 21.455 0.098 0.231 0.14 "" "" 1.441 0.102 118.74042033153403 -38.346855814278186 10.6273
20044 4077.18 2168.48 21.578 0.082 0.062 0.151 "" "" 1.649 0.097 118.28554129550625 -38.199445042260585 21.3331
20259 1514.45 1765.6 21.432 0.096 0.778 0.15 "" "" "" "" 118.68019595892044 -38.24569600577711 22.3501
20260 1078.32 809.862 21.326 0.071 1.168 0.159 "" "" 1.473 0.086 118.74846018847987 -38.36079252304409 18.5326
20304 3850.34 746.097 21.392 0.073 -0.241 0.445 "" "" 1.367 0.103 118.3221953882733 -38.37114045181072 5.9990
20495 2907.32 1608.22 21.27 0.155 0.362 0.577 "" "" 0.926 0.239 118.4661642441985 -38.26604434014268 21.8469
20599 883.612 1262.84 22.06 0.116 -0.38 0.148 "" "" 1.515 0.137 118.77784453932499 -38.30585934056409 20.7963
20600 873.219 1073.98 21.418 0.096 1.059 0.162 "" "" 1.493 0.104 118.77967742885613 -38.32867536756539 21.4376
20661 1288.03 726.398 21.489 0.083 1.182 0.38 "" "" 1.556 0.087 118.71630983848532 -38.37107993113865 11.2649
20674 1687.0 3873.05 22.29 0.251 -0.108 0.293 "" "" "" "" 118.6510414842274 -37.99115054695968 14.8985
20695 3560.87 1235.44 21.355 0.063 0.951 0.133 "" "" 1.248 0.094 118.36610924592699 -38.31172184634011 20.9228
20779 2273.03 4042.05 22.237 0.212 0.004 0.261 "" "" 2.235 0.208 118.56069876498665 -37.97128330023775 14.6621
20832 1422.52 963.792 21.316 0.077 1.372 0.198 "" "" 1.304 0.093 118.69533026293402 -38.342516245136814 11.5520
20978 3009.1 507.971 21.629 0.108 0.797 0.189 "" "" 1.674 0.123 118.45187587628403 -38.399119215708886 5.0087
21066 1861.77 1778.91 21.504 0.069 0.869 0.332 "" "" 1.495 0.092 118.62676071108073 -38.244418264534836 6.5684
21069 440.432 1791.89 21.503 0.104 0.991 0.159 "" "" 1.482 0.115 118.84535011262027 -38.24149522672624 6.4616
21183 1254.35 4011.28 21.741 0.087 1.12 0.206 "" "" 1.914 0.104 118.71741261376476 -37.97403161256621 12.2548
21267 1254.9 751.692 21.495 0.081 1.021 0.155 "" "" 1.412 0.087 118.72137392369416 -38.36799129046666 17.3667
21281 637.604 1946.05 21.489 0.08 0.827 0.144 "" "" 0.869 0.162 118.81483319366096 -38.2230510620668 12.5897
21343 2573.15 2162.69 21.626 0.083 0.807 0.157 "" "" 1.559 0.098 118.5168722414596 -38.198711788344625 7.3480
21350 1308.96 3855.43 21.605 0.141 0.787 0.204 "" "" 1.408 0.191 118.70920689835405 -37.992919931795676 13.6357
21370 1502.3 2376.63 21.574 0.096 1.154 0.181 "" "" 1.526 0.105 118.68130623146959 -38.17183434088321 13.6720
21381 1453.88 1203.02 21.653 0.096 1.087 0.21 "" "" 1.61 0.103 118.6902100754859 -38.31363263641393 21.3996
21407 1010.7 1855.39 21.594 0.103 1.115 0.206 "" "" 1.543 0.114 118.75756258018562 -38.2343638650384 22.0578
21415 589.062 1403.27 21.499 0.074 0.778 0.145 "" "" 1.284 0.089 118.82297279590375 -38.28860609251935 6.1160
21440 272.829 2227.55 21.45 0.09 1.14 0.15 "" "" 1.297 0.114 118.87058713900302 -38.18868095183945 7.6203
21523 824.758 2310.96 21.855 0.113 1.103 0.246 "" "" 1.87 0.123 118.7855954799661 -38.17912576144804 20.1895
21546 1785.3 2580.66 21.663 0.093 1.044 0.192 "" "" 1.602 0.105 118.63752684078919 -38.14744458329083 11.0534
21572 1726.38 1965.45 21.639 0.116 0.783 0.198 "" "" 1.483 0.128 118.6473525090092 -38.22174373420381 23.2927
21649 2587.26 2132.28 21.48 0.079 1.48 0.203 "" "" 1.347 0.109 118.5147398322795 -38.202400634876376 11.3759
21861 3154.01 915.889 21.545 0.079 1.465 0.242 "" "" 1.339 0.095 118.42908201774068 -38.34995564747625 11.7758
21873 2400.14 3350.13 21.827 0.108 -0.443 0.517 "" "" 1.617 0.121 118.54200774605364 -38.05503099737192 8.7804
21973 1341.98 3209.52 21.639 0.101 0.799 0.166 "" "" 1.234 0.125 118.7049300591948 -38.07101713569712 8.4797
22042 2610.35 2334.54 21.71 0.087 0.934 0.169 "" "" 1.451 0.113 118.51093747834864 -38.177977159616184 15.2847
22048 456.544 50.724 21.829 0.107 0.461 0.184 "" "" 1.485 0.124 118.84503323381152 -38.451950757855954 5.8540
22211 911.215 2473.43 21.746 0.101 1.045 0.213 "" "" 1.464 0.121 118.77209650379486 -38.15957174707876 14.9965
22319 2533.34 985.14 21.768 0.102 1.133 0.233 "" "" 1.45 0.122 118.52445673534075 -38.34099448236527 17.1663
22363 1869.21 1799.56 21.723 0.119 1.307 0.285 "" "" 1.374 0.137 118.62559078814661 -38.24192956050028 5.6121
22401 389.274 997.632 21.686 0.101 1.437 0.533 "" "" 1.259 0.125 118.85420420479132 -38.33744180834204 24.2540
22489 1932.6 775.977 22.141 0.158 0.943 0.277 "" "" 1.828 0.164 118.6171117427243 -38.365701879447116 12.5529
22536 819.329 3821.21 21.898 0.123 1.224 0.295 "" "" 1.509 0.13 118.78455590542852 -37.996589295738424 5.4920
22581 3190.7 2385.07 22.039 0.128 1.02 0.24 "" "" 1.66 0.136 118.42161540663275 -38.17242297955883 6.6704
22703 294.9 1094.74 21.89 0.142 0.899 0.245 "" "" 1.283 0.163 118.8685986400931 -38.325615256394336 15.5935
22759 1144.88 830.6 22.138 0.122 0.797 0.257 "" "" 1.63 0.139 118.73819734523954 -38.35834951284032 8.0587
22763 1203.52 2718.05 22.253 0.179 0.582 0.28 "" "" 1.697 0.19 118.72683559814394 -38.130285081310966 22.3577
22817 2204.98 1553.1 21.961 0.249 1.009 0.418 "" "" 1.053 0.389 118.57425439515666 -38.272037042813174 11.7589
22899 2825.39 3753.64 22.569 0.216 0.198 0.317 "" "" 1.821 0.224 118.47610233149528 -38.00666729576886 8.3091
78 87.898 3437.22 13.827 0.077 0.639 0.095 0.462 0.064 0.813 0.12 118.897528532104 -38.04230204823997 1.1729
7525 3992.76 70.094 19.294 0.046 0.842 0.061 0.473 0.095 1.112 0.052 118.30112989450822 -38.452978981607885 1.6922
181 3432.56 52.249 14.634 0.045 0.5 0.058 0.378 0.05 0.662 0.058 118.38731227373636 -38.45460199789784 0.2038
303 3100.44 3511.79 15.143 0.03 0.785 0.035 0.438 0.028 0.944 0.046 118.4340991117057 -38.03615975177947 1.3403
376 239.061 618.452 15.218 0.033 0.864 0.046 0.67 0.051 1.001 0.049 118.87777800815115 -38.38312700203362 0.5826
430 2996.67 988.469 15.566 0.016 0.83 0.02 0.185 0.025 0.987 0.042 118.4531912339205 -38.341033595721214 0.3219
489 3672.42 1742.16 15.673 0.016 0.897 0.02 0.224 0.021 1.143 0.028 118.34832360679422 -38.25058512080253 0.2523
526 2922.06 726.569 15.778 0.021 0.814 0.027 0.239 0.033 0.8 0.039 118.464991526005 -38.372616170876064 0.1417
708 805.287 3868.09 15.982 0.023 0.964 0.03 0.474 0.03 1.184 0.037 118.78665741295718 -37.99090992277401 1.6710
762 437.987 3696.67 15.809 0.032 1.187 0.04 1.352 0.046 1.25 0.054 118.8433618882253 -38.01127806105149 1.1742
836 3623.08 743.005 16.2 0.016 0.958 0.021 0.37 0.031 1.058 0.039 118.35715241028576 -38.3712976222178 0.2154
851 3387.49 2352.65 15.325 0.017 2.172 0.02 0.796 0.035 3.367 0.05 118.39138882913824 -38.17652881586075 0.1614
929 3123.0 3902.73 16.316 0.018 0.987 0.023 0.27 0.032 1.117 0.04 118.43014407771742 -37.988931597156906 0.8291
954 1806.74 1820.53 16.522 0.028 0.715 0.031 0.382 0.03 1.003 0.035 118.63517280939975 -38.239335570351756 0.4175
967 3229.76 273.675 16.375 0.034 0.931 0.043 0.273 0.052 0.064 0.087 118.41822860490677 -38.42764685998361 1.2725
1080 172.492 4048.59 16.595 0.04 1.462 0.068 -0.776 0.073 1.521 0.067 118.88375890166512 -37.968491468266436 2.3948
1107 118.288 25.401 16.009 0.034 2.937 0.13 -0.693 0.143 1.184 0.047 118.8970893255823 -38.45468904618607 2.1415
1120 502.337 444.68 16.523 0.031 0.764 0.043 0.672 0.052 0.922 0.039 118.83750115992825 -38.40438022097411 0.5455
1239 3617.14 201.001 16.366 0.029 1.417 0.036 1.001 0.043 1.658 0.045 118.35873874998393 -38.43679945530861 1.4985
1261 3810.82 393.405 16.754 0.025 0.896 0.032 0.389 0.043 1.115 0.04 118.32871144014966 -38.413729730875566 0.0993
1264 3934.91 2970.56 16.437 0.015 1.404 0.024 0.882 0.032 1.477 0.034 118.3064272282087 -38.102368782302484 0.2196
4794 3259.14 460.211 18.63 0.033 0.918 0.044 0.539 0.086 1.176 0.054 118.41347834959139 -38.405129806287306 1.1474
1514 3782.34 779.7 16.586 0.016 1.565 0.023 1.184 0.04 1.793 0.038 118.33261225756215 -38.36701434755941 1.2807
1518 3745.87 267.726 16.48 0.031 1.7 0.038 1.453 0.052 1.865 0.043 118.33885691717948 -38.42885761653286 0.5645
7945 3873.35 187.943 19.449 0.035 1.03 0.052 -0.704 0.175 1.394 0.048 118.31934918791177 -38.438621784018046 2.2495
1544 266.865 2319.78 17.041 0.032 0.765 0.042 0.413 0.052 1.051 0.044 118.87138993912059 -38.177528200201564 0.3226
1559 25.916 2630.41 16.582 0.038 1.393 0.051 1.244 0.057 1.579 0.07 118.90806296379789 -38.139755372041485 1.4465
1600 494.477 3483.55 16.399 0.028 1.726 0.035 1.476 0.041 1.981 0.051 118.83493810917724 -38.03708991771468 1.1067
1627 3445.49 2546.71 17.418 0.034 1.12 0.06 -0.301 0.064 2.277 0.042 118.38222740372828 -38.15312966837311 2.3595
1661 3158.31 3991.22 17.253 0.02 0.744 0.027 -0.058 0.037 0.949 0.042 118.4246034705726 -37.97827019400584 0.8990
1748 997.655 412.719 17.054 0.03 1.04 0.041 0.56 0.052 1.298 0.039 118.76135962323892 -38.408715019863116 0.4140
1750 3367.96 1303.98 16.856 0.018 1.35 0.025 0.951 0.034 1.484 0.033 118.39569423598347 -38.30325418444601 0.7142
1898 2762.33 89.253 16.958 0.029 1.416 0.039 0.843 0.044 1.564 0.041 118.49034947531052 -38.449491037248315 0.5694
1930 3889.64 1663.94 17.259 0.018 1.013 0.027 0.216 0.03 1.256 0.025 118.31501169008527 -38.260245885996135 0.9475
1940 4089.19 131.385 17.133 0.029 1.059 0.038 1.189 0.052 1.227 0.039 118.28622263127878 -38.44566312948287 2.3672
2000 2693.18 1120.14 17.067 0.024 1.338 0.031 0.746 0.043 1.549 0.046 118.49970535789134 -38.32483045673781 0.4697
2018 3977.77 4026.0 17.301 0.014 1.054 0.025 0.151 0.032 1.179 0.025 118.29852520303322 -37.97484740928036 1.5203
2038 261.083 3065.67 17.01 0.032 1.404 0.04 1.112 0.048 1.695 0.05 118.87135340416559 -38.087373201878925 1.6203
2058 3770.63 41.715 17.254 0.033 1.097 0.043 0.71 0.065 1.292 0.044 118.33532929607013 -38.456197268199034 1.8794
9408 3860.99 416.512 19.668 0.026 1.019 0.047 "" "" 1.227 0.039 118.32096648142597 -38.41098478301982 2.0792
2241 1994.77 475.373 17.432 0.015 1.039 0.023 0.486 0.034 1.305 0.027 118.60792295262175 -38.40209260780541 0.4250
2309 1207.15 4081.29 18.401 0.13 1.152 0.245 0.854 0.26 2.488 0.127 118.7245851989994 -37.96552511684193 2.5186
2319 3985.73 1203.71 17.363 0.017 1.281 0.026 0.614 0.039 1.516 0.033 118.30080404773193 -38.31596159366567 1.6135
2320 4024.62 3946.11 17.41 0.015 1.159 0.024 0.471 0.033 1.237 0.025 118.29141871207804 -37.98454768453457 2.0994
2332 3663.7 354.699 17.527 0.03 0.98 0.037 0.297 0.048 1.215 0.043 118.35138692514417 -38.41826762530999 1.0351
2392 3098.85 744.023 17.561 0.015 0.977 0.022 0.304 0.035 1.111 0.039 118.43777909582226 -38.37067509766674 0.5592
2399 1101.48 242.313 17.303 0.035 1.363 0.048 0.866 0.07 1.408 0.059 118.74560257908925 -38.42940949328659 0.2685
2613 4065.99 301.889 17.668 0.027 0.961 0.037 0.444 0.051 1.298 0.039 118.28957921730009 -38.425033631281124 2.5491
2615 3683.66 3957.25 17.71 0.016 0.818 0.026 0.245 0.034 1.017 0.026 118.34384542713912 -37.982876418481254 1.4310
2622 526.023 2939.89 17.682 0.024 0.989 0.03 0.475 0.036 1.404 0.035 118.83076105922413 -38.10282761441894 0.8677
2640 94.333 3601.94 17.773 0.046 0.858 0.056 0.326 0.051 0.883 0.076 118.89633435666921 -38.022399850056075 1.7191
2658 119.238 1339.88 17.568 0.041 1.35 0.056 1.439 0.105 1.709 0.053 118.89531164112798 -38.295819862672396 1.0490
2739 3941.44 258.008 17.649 0.028 1.075 0.039 0.68 0.049 1.328 0.043 118.3087898004611 -38.43021848944794 2.0022
2816 3946.93 3258.59 17.711 0.012 1.184 0.021 0.226 0.035 1.393 0.027 118.30422100894064 -38.067568456596575 1.2536
2821 3997.77 3984.09 17.758 0.014 1.044 0.023 0.174 0.033 1.209 0.025 118.2955011705585 -37.979931776684644 2.5710
2845 951.644 22.912 19.14 0.35 -0.441 0.374 "" "" 1.704 0.386 118.76892007622698 -38.45578389408663 2.2606
2874 4052.97 98.47 17.638 0.031 1.336 0.04 0.886 0.068 1.514 0.039 118.29183421740292 -38.44960677989925 0.9401
16385 899.065 3636.86 20.644 0.055 1.322 0.104 "" "" 1.316 0.061 118.77252112039058 -38.018946111832804 1.2894
3145 175.697 1730.55 17.836 0.035 1.078 0.047 0.774 0.069 1.208 0.05 118.88614318715145 -38.24865663972837 0.3201
3154 3649.47 3763.69 17.76 0.017 1.391 0.026 0.752 0.046 1.45 0.028 118.34934419147753 -38.006237821364515 1.1975
3523 2957.27 1184.57 18.104 0.023 1.037 0.031 0.272 0.042 1.235 0.044 118.45900765064854 -38.31729496670845 0.8685
3710 4064.72 633.352 18.14 0.026 1.149 0.034 0.604 0.069 1.548 0.04 118.28936312451106 -38.3849712591936 1.0015
3716 109.742 355.372 18.127 0.031 0.983 0.047 0.608 0.066 1.188 0.039 118.89799415259549 -38.41480006707908 1.7983
3729 4071.76 1288.13 18.093 0.015 1.578 0.025 1.098 0.087 2.028 0.027 118.28746762335311 -38.30584042351071 4.2322
3736 3254.35 170.825 18.168 0.036 0.97 0.048 0.599 0.075 1.161 0.048 118.41457425900352 -38.440100909136646 0.9499
3764 3152.79 953.871 18.123 0.031 1.123 0.041 0.535 0.054 1.278 0.048 118.42922251250853 -38.34536391821871 1.1549
3771 3797.35 1266.96 18.202 0.014 1.075 0.026 0.338 0.048 1.313 0.039 118.32969887801725 -38.30813760604428 1.3122
3806 830.352 2505.74 18.144 0.04 1.08 0.048 0.726 0.048 1.371 0.05 118.78449334113625 -38.155589661036615 0.5740
3811 10.797 140.542 18.125 0.035 0.804 0.052 0.367 0.069 0.845 0.043 118.91347880677438 -38.44067049836662 1.4087
3900 3761.59 534.777 18.223 0.023 1.08 0.034 0.504 0.051 1.343 0.033 118.33610766798915 -38.39659637255577 2.0159
3962 391.107 1937.4 18.251 0.032 1.151 0.044 0.737 0.078 1.503 0.041 118.85275581549546 -38.223861652420815 0.1129
4182 160.021 747.246 18.476 0.042 0.748 0.053 1.214 0.069 1.448 0.05 118.88977470438773 -38.36748543840312 0.4956
4295 2783.58 326.991 18.35 0.023 1.149 0.033 0.483 0.058 1.332 0.041 118.48678608181602 -38.420777879541774 0.2116
4469 3854.63 3795.39 18.395 0.016 1.244 0.029 0.446 0.058 1.353 0.026 118.31775069830182 -38.002601984214216 1.7045
4494 3664.38 255.203 18.466 0.032 1.037 0.043 0.475 0.07 -0.351 0.19 118.35140583687085 -38.430293523023735 2.0551
4604 774.796 3561.69 18.486 0.031 1.107 0.038 0.897 0.054 1.564 0.038 118.79172732188836 -38.02791287761451 0.9045
4776 3068.93 3795.06 18.502 0.022 1.269 0.035 0.63 0.097 1.416 0.035 118.43859382888046 -38.0018932520118 0.6702
4791 607.738 3844.73 18.555 0.033 1.104 0.045 0.399 0.067 1.366 0.041 118.81706996250266 -37.99354502561657 1.0261
4829 3668.83 3686.05 18.544 0.018 1.247 0.028 0.403 0.062 1.43 0.026 118.34646294186192 -38.015639965399615 1.6405
4936 455.635 1017.19 18.655 0.038 0.763 0.052 0.714 0.084 1.096 0.048 118.84397343292545 -38.33514122526677 0.9198
12961 3996.2 304.489 20.297 0.04 1.005 0.064 "" "" 1.483 0.054 118.30030987516612 -38.42465289496248 2.3897
5146 732.742 937.118 18.705 0.039 0.935 0.051 0.637 0.093 1.175 0.054 118.80145303728635 -38.34508288667337 0.8558
5209 430.692 4069.07 18.774 0.044 0.923 0.054 "" "" 1.337 0.051 118.8440216439708 -37.9662622353443 0.5104
5365 41.96 621.96 18.765 0.041 0.828 0.055 0.564 0.089 1.188 0.046 118.90808830472946 -38.38251522116773 0.5069
5404 234.444 685.728 18.725 0.037 1.145 0.053 0.777 0.095 1.368 0.042 118.87840460981148 -38.374991515203405 0.8847
5815 763.886 3478.28 18.849 0.032 1.169 0.043 0.73 0.1 1.4 0.038 118.79350883957643 -38.037983551999744 0.7980
5861 1416.79 3272.89 18.944 0.029 0.968 0.038 0.285 0.064 1.333 0.035 118.6933454281578 -38.0634294126414 0.6574
5904 3169.36 259.379 18.864 0.038 1.081 0.053 0.384 0.087 1.194 0.051 118.42753602797929 -38.42931714875806 1.1969
5956 632.847 3474.52 18.824 0.029 1.428 0.039 1.396 0.152 1.668 0.038 118.81366764853351 -38.038313137545614 0.6537
6005 3582.36 1799.28 18.98 0.022 1.062 0.033 0.259 0.061 1.467 0.028 118.36210417192147 -38.24359569453316 0.1963
6007 157.882 3519.78 20.019 0.109 -0.491 0.118 "" "" 1.025 0.111 118.88666233330498 -38.03239039207566 0.4659
6074 296.814 3215.61 18.978 0.023 0.993 0.036 0.58 0.073 1.339 0.035 118.86567177247717 -38.069285252033225 1.5389
6151 1722.87 3920.61 18.879 0.027 1.432 0.041 1.337 0.203 1.661 0.046 118.64546555119472 -37.98543654433377 0.6257
6214 4041.97 3357.5 18.979 0.02 1.088 0.036 0.435 0.084 1.255 0.038 118.28948083749181 -38.05570458601327 1.8309
6267 29.654 3878.74 18.911 0.108 2.068 0.154 -0.885 0.127 1.463 0.115 118.90593858381366 -37.988883721614016 1.2514
6366 729.473 3470.87 19.047 0.028 1.053 0.038 0.392 0.087 1.384 0.033 118.79881084676633 -38.03884634798195 1.3482
6682 413.106 897.629 19.109 0.035 0.743 0.05 0.863 0.113 0.918 0.045 118.85066290749198 -38.349551042179925 0.9898
6718 834.856 321.09 18.856 0.236 2.247 0.42 "" "" 1.908 0.425 118.78651226922439 -38.41963433592831 0.6254
6748 3178.62 3831.52 19.125 0.024 1.101 0.035 0.282 0.083 1.261 0.093 118.42167796387334 -37.99759114944306 0.4527
6852 4101.83 906.707 19.177 0.025 1.047 0.035 0.355 0.087 1.368 0.037 118.2833162124929 -38.35196848386832 1.5313
6880 565.43 3333.36 20.277 0.055 -0.444 0.064 "" "" 1.596 0.082 118.82421177213021 -38.05530973170083 1.4427
7050 4040.11 518.958 19.196 0.028 1.14 0.042 "" "" 1.391 0.04 118.2932901964341 -38.3987736572683 0.3405
7069 3761.35 323.403 19.267 0.035 0.944 0.044 0.553 0.074 1.332 0.047 118.3364069445606 -38.42214315233585 0.4046
7221 2083.47 2082.18 19.33 0.019 1.453 0.037 "" "" 1.833 0.027 118.5922862414413 -38.20797579095054 2.4968
7536 166.097 3842.35 19.646 0.077 0.569 0.101 "" "" "" "" 118.88499846090228 -37.99341187988647 2.4065
7720 2683.7 259.215 19.309 0.031 1.104 0.055 0.381 0.107 1.192 0.048 118.50223201347761 -38.42887423224012 0.9970
7782 3267.41 3771.66 19.387 0.029 1.335 0.054 "" "" 1.581 0.04 118.40809612905012 -38.00491052654953 0.3895
7855 297.756 3444.85 19.723 0.05 1.602 0.071 0.373 0.208 2.581 0.058 118.86524235063293 -38.04157982704647 0.4939
8050 3036.85 3853.24 19.392 0.031 1.24 0.046 0.509 0.119 1.482 0.043 118.44345560221541 -37.99483095586411 0.3797
8289 3667.35 351.172 19.454 0.031 1.158 0.046 "" "" 1.385 0.042 118.35082992339125 -38.41869738204428 2.0129
8387 3140.41 3986.91 19.453 0.022 1.799 0.048 "" "" 2.03 0.043 118.42736188723137 -37.9787740525214 1.1178
18031 3875.53 3501.38 20.804 0.047 1.032 0.092 "" "" 0.305 0.091 118.31490115777815 -38.03815642877419 1.4639
8623 3414.6 189.28 19.54 0.039 1.037 0.056 0.397 0.136 1.285 0.054 118.38990448173477 -38.43802309407958 1.5931
8983 793.02 161.258 19.285 0.145 0.128 0.206 "" "" 0.455 0.155 118.79314514418299 -38.43891203226803 1.5693
9148 1296.24 266.66 18.662 0.051 1.204 0.142 "" "" -0.445 0.063 118.7156177599647 -38.426652442639785 2.5357
9478 3521.6 203.835 19.721 0.041 0.928 0.059 "" "" -0.025 0.123 118.37342953494684 -38.43636590271412 1.2272
9532 3769.6 3030.47 19.72 0.03 1.028 0.046 0.301 0.117 1.144 0.074 118.33177797769027 -38.094970453703716 0.3528
9692 366.241 72.511 19.692 0.036 1.225 0.068 0.498 0.16 1.345 0.043 118.85889502938785 -38.449231504408424 0.9336
9969 4086.96 427.391 20.814 0.321 -0.299 0.344 "" "" 0.439 0.314 118.28619819933222 -38.40988523390159 2.9516
11022 26.224 705.115 20.565 0.058 2.007 0.174 "" "" 2.266 0.062 118.91040532825049 -38.37244997813838 1.1880
13287 3242.83 23.306 21.281 0.453 -0.391 0.486 "" "" 0.83 0.438 118.41652917036394 -38.457919321239686 2.0982
13905 361.546 522.188 21.366 0.271 -0.042 0.296 "" "" "" "" 118.85905897971243 -38.394878330973995 2.5115
14032 3687.57 141.984 21.565 0.262 -0.485 0.285 "" "" 1.109 0.27 118.34797968496322 -38.44399945260692 2.6273
15163 902.286 659.746 21.554 0.072 -0.442 0.085 "" "" 1.687 0.084 118.77572100805422 -38.37876806355733 3.7171
16273 3548.27 46.369 21.35 0.129 -0.022 0.148 "" "" 1.328 0.142 118.3695230706548 -38.45542291306672 2.4749
17473 2333.36 1485.58 20.79 0.031 1.828 0.16 "" "" 1.219 0.055 118.55459302231353 -38.28031994151962 4.0838
18003 3903.55 86.535 21.118 0.273 0.187 0.301 "" "" 1.005 0.264 118.31483021943794 -38.450906895904424 2.9918
18105 143.644 4004.32 21.61 0.431 0.334 0.472 "" "" "" "" 118.8882507490287 -37.97381452667002 2.7224
18391 3906.7 153.341 21.976 0.15 -0.104 0.177 "" "" 2.763 0.213 118.31426281950313 -38.442835614458616 2.8794
18451 1278.68 945.825 21.907 0.105 -0.404 0.128 "" "" 1.571 0.13 118.71747553343694 -38.34455071519426 2.4545
18699 1180.87 207.088 22.294 0.187 -0.49 0.213 "" "" 2.226 0.268 118.73343591119979 -38.43374248753416 1.9313
20052 3766.36 2067.24 22.495 0.201 -0.472 0.232 "" "" "" "" 118.33347188903639 -38.21138492484786 2.4271
20156 104.038 394.534 19.906 0.378 0.024 0.561 "" "" -0.08 0.364 118.89882283367287 -38.4100614487212 4.9955
20833 712.024 632.028 21.494 0.103 2.366 0.608 "" "" 1.573 0.108 118.80501820716945 -38.38193682449858 2.8350
21341 3500.96 3256.26 21.927 0.107 -0.072 0.145 "" "" 1.405 0.125 118.37281525683414 -38.06742514310452 2.8045
22039 2078.08 1971.71 21.636 0.086 1.171 0.449 "" "" 1.358 0.103 118.5932523563582 -38.221322240801676 4.8548
980 169.339 4050.4 17.098 0.055 -0.008 0.065 1.861 0.11 1.915 0.087 118.88424159470783 -37.96826970451191 4.0886
2680 802.802 3870.09 17.438 0.107 1.252 0.18 0.349 0.17 0.435 0.171 118.78703713001377 -37.99066583177949 2.8550
1290 3254.77 457.702 16.697 0.028 1.031 0.035 0.486 0.048 1.105 0.046 118.4141535813027 -38.40542888439914 3.6064
4846 12.518 3514.47 18.455 0.044 1.375 0.062 0.738 0.097 1.616 0.065 118.90902628874593 -38.03289366427583 3.8672
5678 3805.82 391.647 18.854 0.032 0.963 0.063 0.353 0.101 1.236 0.047 118.32948263534911 -38.41393744162993 4.5902
5325 3853.76 3945.69 18.783 0.017 0.837 0.027 0.231 0.045 1.033 0.026 118.3176979495785 -37.98443565067126 4.6310
8990 3952.67 3258.04 19.513 0.02 1.625 0.048 -0.35 0.118 1.306 0.031 118.30333886456103 -38.067640399582565 4.0478
2081 3856.82 419.434 17.401 0.026 0.916 0.035 0.33 0.047 1.268 0.037 118.3216042114876 -38.410627652121136 3.9613
12128 112.778 3615.98 21.12 0.148 -0.176 0.164 "" "" 1.246 0.191 118.89348004040413 -38.020720527053086 3.6761
12767 3999.58 3978.35 20.357 0.034 -0.074 0.128 "" "" 1.478 0.043 118.29522991247609 -37.98062724707421 4.6525
14475 122.265 1335.46 20.614 0.08 1.609 0.202 "" "" 1.656 0.087 118.89485156682846 -38.29635695525623 3.6625
14766 760.813 3475.79 20.411 0.112 1.171 0.143 "" "" 1.299 0.113 118.79398456570219 -38.03828156952462 3.1158
15465 4064.97 295.852 20.608 0.056 1.092 0.098 "" "" 1.421 0.069 118.28974358928664 -38.425762301148296 4.7408
15958 4058.86 633.158 21.034 0.071 1.669 0.489 "" "" 2.026 0.079 118.29026464868124 -38.38498912293209 4.8554
3100 893.065 3638.14 17.918 0.023 0.964 0.031 0.402 0.047 1.306 0.029 118.77344234735364 -38.018785692120545 4.1401
17596 888.507 3620.48 21.319 0.088 1.081 0.371 "" "" 1.962 0.095 118.77416529984757 -38.02091576582466 3.3919
