id x y V eV BV eBV UB eUB VI eVI ra dec d_arcsec
122 3746.28 2471.8 13.483 0.019 0.244 0.026 -0.084 0.032 0.69 0.04 118.21477094980268 -26.904950297007137 5.7863
244 1401.0 1631.65 14.106 0.029 0.36 0.038 0.059 0.031 0.972 0.037 118.53374657356669 -27.004167851127793 7.9511
453 1191.87 1899.87 14.618 0.03 0.564 0.036 0.234 0.03 1.068 0.043 118.56180707269104 -26.97153880671614 6.1161
1293 4109.89 3620.42 16.119 0.022 0.461 0.029 -0.153 0.026 0.938 0.054 118.16418135517888 -26.766473888744176 10.5748
5083 4106.97 3375.29 17.866 0.017 0.638 0.025 -0.149 0.035 1.184 0.03 118.16485075583468 -26.796100847015005 11.1780
5820 4107.4 4037.47 17.95 0.027 0.892 0.036 0.15 0.042 1.372 0.038 118.16405382836984 -26.716060871382155 17.8625
7858 2.232 469.939 18.722 0.043 1.237 0.083 "" "" 2.148 0.06 118.72472637228796 -27.143196084849382 6.2151
8848 4077.66 29.82 19.31 0.079 1.414 0.112 "" "" 3.431 0.096 118.17255706415625 -27.20045230364541 7.6024
9092 4111.76 3627.62 19.537 0.072 -0.019 0.087 "" "" "" "" 118.16391973730404 -26.765605456961893 13.4660
9373 4017.08 2026.6 19.043 0.115 0.794 0.135 -0.373 0.129 1.613 0.129 118.17854492048849 -26.959033032261072 6.6362
10094 3963.41 2426.07 19.189 0.069 1.519 0.099 "" "" 2.342 0.082 118.18537741525003 -26.91069402982818 6.0156
10498 2412.27 303.737 19.492 0.053 1.429 0.102 "" "" 2.539 0.068 118.39809156834043 -27.16568488005169 7.2783
10749 4084.48 38.17 19.285 0.083 1.857 0.155 "" "" 2.047 0.099 118.17162290443346 -27.199449794565748 9.1872
11950 502.723 3563.9 19.024 0.132 -0.17 0.182 "" "" 0.126 0.146 118.65340473921358 -26.769714626991657 7.3724
12820 870.402 1638.91 19.736 0.052 1.381 0.071 "" "" 2.648 0.064 118.6056917557765 -27.002762075747302 7.7506
13312 32.409 4016.47 20.487 0.085 0.5 0.128 "" "" 3.544 0.109 118.71667822225484 -26.714542426304558 6.1638
13361 4105.06 3704.17 20.093 0.029 1.502 0.082 "" "" 2.662 0.038 118.16474292399103 -26.756345875419104 12.4515
13848 4108.62 3347.82 19.721 0.024 1.189 0.045 "" "" 1.735 0.039 118.16465764368883 -26.799422900852086 6.9952
14292 2.588 39.515 20.163 0.052 0.277 0.077 "" "" 1.954 0.069 118.72515820412801 -27.195223547792587 9.1422
14312 2912.14 2460.76 19.842 0.033 0.928 0.048 0.22 0.11 1.654 0.037 118.32789923741731 -26.905454330400552 9.7854
14411 1467.7 3345.24 19.89 0.029 1.072 0.049 "" "" 1.767 0.035 118.52279013534687 -26.797105624619775 6.2919
14432 1326.06 1770.95 20.199 0.449 0.254 0.64 "" "" "" "" 118.54375365002066 -26.987255485163303 7.8563
15545 4108.91 3227.17 19.958 0.032 1.021 0.048 "" "" 1.562 0.041 118.1647528941424 -26.814006648296925 13.7852
15681 1463.06 3179.56 20.362 0.037 1.319 0.068 "" "" 2.187 0.041 118.52360416060056 -26.817127424262203 5.4402
17910 41.522 4018.51 20.466 0.09 0.707 0.152 "" "" 1.888 0.179 118.7154401519879 -26.714304915485773 6.9820
18704 3770.44 2288.92 20.994 0.522 0.466 0.56 "" "" 2.189 0.494 118.21169865296426 -26.927079802407995 5.6530
18795 49.364 4024.21 20.578 0.111 0.663 0.157 "" "" 1.697 0.118 118.7143703568839 -26.713623740177763 9.4314
19507 1987.25 1520.54 20.641 0.042 0.964 0.071 "" "" 1.758 0.048 118.45437037804044 -27.018181804145033 8.5774
20150 53.304 4059.16 20.654 0.09 0.745 0.142 "" "" 1.489 0.12 118.71379707744823 -26.709403113208253 9.7072
20348 2082.09 3831.79 20.082 0.219 -0.48 0.254 "" "" 0.462 0.212 118.43893128506674 -26.738905984481015 8.1201
20449 205.863 1266.53 21.537 0.085 -0.322 0.103 "" "" "" "" 118.69622385785489 -27.047111596094794 10.1064
20665 4107.32 3334.97 20.708 0.045 1.066 0.089 "" "" 1.654 0.06 118.16484826724587 -26.800974838688226 7.8717
20779 214.287 3555.43 20.168 0.428 0.746 0.664 "" "" 1.062 0.405 118.69252838700287 -26.770451282048086 10.7262
20988 1550.35 1413.4 21.207 0.045 -0.116 0.069 -0.769 0.097 1.444 0.059 118.51373697658745 -27.03069730420072 12.5170
21125 380.1 3721.64 21.171 0.577 0.065 0.617 "" "" 1.151 0.55 118.66985743859084 -26.75052587268991 7.5228
21129 1318.37 1650.1 21.466 0.13 -0.341 0.257 "" "" 2.795 0.182 118.54493127459813 -27.00185546304715 7.1158
21277 973.895 292.754 21.741 0.098 -0.358 0.117 "" "" 2.563 0.108 118.59315883150668 -27.16558048582491 5.1925
21306 4110.72 2769.89 20.698 0.094 0.815 0.266 "" "" 1.275 0.131 118.16501750811028 -26.869281753261976 9.9086
22039 172.655 4072.3 21.009 0.084 0.744 0.139 "" "" 1.796 0.118 118.69759748227688 -26.707933645926847 10.1059
22287 424.705 2749.2 21.431 0.054 -0.052 0.092 "" "" 2.275 0.076 118.6648933379107 -26.868113076893973 6.0428
22456 1640.29 505.152 21.675 0.399 0.221 0.599 "" "" 2.281 0.379 118.50255349004154 -27.140570491568333 7.3844
22496 1164.78 1650.15 21.592 0.209 -0.048 0.263 "" "" "" "" 118.5657592361049 -27.00169651494252 7.7069
23053 4108.75 2871.14 20.977 0.064 1.166 0.114 "" "" 1.542 0.098 118.16517171828829 -26.857041290627137 7.2585
23165 169.567 4070.03 21.241 0.076 0.512 0.137 "" "" "" "" 118.69801877149868 -26.708204955891333 9.9508
23476 4016.4 2659.49 21.202 0.048 0.403 0.084 "" "" 0.646 0.102 118.17793118876465 -26.882532353625972 5.3289
23604 2309.7 2276.56 21.372 0.067 1.141 0.146 "" "" 1.941 0.073 118.4098003227504 -26.927119586634223 9.9408
23619 2682.7 975.476 21.329 0.073 1.063 0.146 "" "" 1.836 0.077 118.3606698456165 -27.084758263775562 9.1629
23750 2607.07 3528.1 20.146 0.555 1.796 0.596 "" "" 0.554 0.525 118.36807859523333 -26.776136872899567 14.7877
23768 896.516 957.707 21.547 0.102 1.009 0.637 "" "" 2.016 0.104 118.60291032600104 -27.085127864671744 10.8943
23799 3030.66 2082.75 21.587 0.061 0.114 0.092 -0.8 0.133 1.705 0.072 118.31224863322744 -26.951263935421593 10.2817
23915 544.934 3214.82 21.5 0.075 0.652 0.141 "" "" 1.892 0.076 118.64806996880627 -26.811951376272017 5.2296
24035 3715.64 3224.93 21.424 0.062 0.919 0.138 "" "" 1.824 0.067 118.218085911329 -26.813885891745215 6.1079
24064 1646.86 1403.79 21.896 0.105 0.523 0.491 "" "" 2.285 0.105 118.50066017750187 -27.03195498338385 5.9600
24268 301.208 3785.56 22.0 0.1 -0.323 0.125 "" "" 2.086 0.107 118.68048451864868 -26.742721061133757 7.3835
24294 2625.9 1167.37 21.363 0.088 1.035 0.159 "" "" 1.713 0.101 118.36815832979873 -27.061506705043254 7.3558
24477 3336.84 264.598 21.483 0.099 1.264 0.214 "" "" 1.802 0.106 118.27275622958726 -27.171336213865015 8.2822
24506 1242.48 997.972 21.534 0.076 1.153 0.186 "" "" 1.866 0.085 118.5559499618444 -27.080605289186256 6.4960
24553 51.711 311.16 21.483 0.081 1.123 0.172 "" "" 1.79 0.091 118.7181937360417 -27.162437609831194 6.8091
24575 1422.56 496.183 22.229 0.17 -0.083 0.58 "" "" 2.472 0.167 118.53208940229153 -27.141437853175145 7.1952
24598 20.639 11.45 21.597 0.104 0.385 0.188 "" "" "" "" 118.7227416505045 -27.198633849500848 6.6763
24732 198.778 1140.22 21.589 0.093 1.13 0.224 "" "" 1.859 0.106 118.69732552990617 -27.062372148799504 7.8432
24738 2770.62 3669.92 21.555 0.073 1.136 0.545 "" "" 1.758 0.08 118.34574173285871 -26.759157329653835 6.7401
24744 562.703 2029.04 21.5 0.088 0.607 0.133 "" "" 1.578 0.098 118.64698300775548 -26.95529914224053 7.8943
24788 2730.12 487.986 21.845 0.104 -0.091 0.133 "" "" 1.543 0.118 118.35478308045901 -27.143730381349318 9.2723
24789 630.133 2054.05 21.557 0.071 0.841 0.151 "" "" 1.759 0.091 118.63781107016666 -26.952343210298945 7.9077
24801 436.518 1320.8 21.538 0.083 1.103 0.166 "" "" 1.725 0.089 118.66488468336678 -27.040781384724166 5.1533
24809 56.887 157.542 21.726 0.101 0.222 0.127 -0.38 0.209 1.521 0.109 118.71766317982612 -27.181011198404992 11.0213
24832 2019.31 2066.02 21.64 0.077 0.783 0.156 "" "" 1.831 0.086 118.44941434350778 -26.952279323412238 8.5248
24851 769.89 1447.77 21.628 0.095 1.181 0.228 "" "" 1.829 0.103 118.61953518043943 -27.02576588563128 9.0105
24853 1870.16 1301.08 21.465 0.083 0.946 0.14 "" "" 1.585 0.091 118.4704934994652 -27.044592264207758 5.0707
24881 2858.98 2040.98 21.464 0.082 0.814 0.137 "" "" 1.493 0.101 118.33557638895789 -26.956141932435504 10.3296
24889 613.264 1459.64 21.778 0.103 0.79 0.176 "" "" 2.004 0.111 118.64076166313511 -27.024175183356512 6.3582
24915 2276.04 2312.27 21.514 0.072 1.058 0.153 "" "" 1.636 0.082 118.41432505260697 -26.922769663197734 7.8871
24926 2070.12 556.395 22.123 0.109 0.074 0.392 "" "" 2.311 0.113 118.44420798858765 -27.13480445197913 15.0357
24928 801.41 1858.52 21.701 0.108 0.09 0.471 "" "" 1.798 0.112 118.61480265618471 -26.976148233209923 14.7698
24946 2524.79 1775.88 21.5 0.038 0.932 0.13 0.176 0.584 1.433 0.068 118.38119089362445 -26.987852954980603 5.3097
24948 458.151 132.892 21.82 0.086 0.603 0.51 "" "" 2.027 0.095 118.66327610702953 -27.184390217504095 8.7055
24967 2825.54 1612.34 21.399 0.092 0.957 0.151 "" "" 1.362 0.111 118.34058923543932 -27.007920110865015 5.2708
24991 1030.72 2124.34 22.07 0.11 0.158 0.175 "" "" 2.241 0.12 118.58340990490339 -26.944245769487914 5.3279
25041 664.175 1634.98 21.522 0.075 0.91 0.159 "" "" 1.506 0.092 118.63366214970242 -27.003031804476308 10.1469
25056 1975.75 2084.06 21.778 0.094 0.733 0.188 "" "" 1.868 0.102 118.45530130123394 -26.950055389305877 9.0571
25067 1720.1 918.667 21.683 0.068 1.082 0.186 "" "" 1.803 0.082 118.49126937615522 -27.09066669673476 5.9748
25126 856.039 2165.31 21.747 0.117 1.138 0.261 "" "" 1.822 0.127 118.60705232918312 -26.93911965684147 11.0805
25143 1242.01 512.965 21.845 0.111 0.216 0.503 "" "" 1.86 0.121 118.55655468937708 -27.13922960017191 13.1637
25214 822.725 1395.13 22.227 0.117 0.09 0.195 "" "" 2.241 0.124 118.61242905335672 -27.03218129678676 5.4646
25523 1552.92 3061.42 22.268 0.272 0.574 0.415 "" "" 0.572 0.425 118.51155021176766 -26.83149694792037 10.2361
820 1301.05 3760.22 16.089 0.111 0.39 0.162 -0.038 0.14 2.873 0.113 118.5449263102555 -26.746779389402764 9.6980
1215 1689.57 4073.55 17.217 0.218 -0.1 0.281 0.117 0.208 3.244 0.208 118.49189043117637 -26.70929269706464 11.6203
1458 1443.3 3125.87 18.022 0.212 1.3 0.446 "" "" 3.656 0.201 118.52634366018175 -26.823597482262077 12.0922
583 909.827 4047.35 14.95 0.051 0.546 0.057 0.334 0.03 1.226 0.058 118.59765896581722 -26.71168333581591 10.0369
2180 278.705 4082.19 16.24 0.058 2.76 0.205 "" "" 1.487 0.07 118.68320523292685 -26.70684377780545 5.5111
1159 3359.76 3857.08 15.796 0.018 0.628 0.023 0.045 0.023 "" "" 118.26564093091284 -26.737121045488088 11.3910
2787 3042.9 4089.9 18.421 0.158 -0.011 0.214 "" "" 3.318 0.153 118.3083499553019 -26.70866369468663 10.6470
2760 3051.31 2553.35 19.096 0.258 0.875 0.451 "" "" 3.816 0.245 118.30892340829735 -26.894401147344293 7.2590
3229 926.682 4066.8 17.191 0.105 0.464 0.177 -0.082 0.168 0.981 0.133 118.59535159953977 -26.70934911456287 10.3617
3364 565.556 3612.46 18.165 0.082 0.731 0.192 "" "" 2.842 0.082 118.64482992273966 -26.763907533793578 9.8042
3781 863.478 3797.85 17.601 0.076 0.383 0.11 0.103 0.106 "" "" 118.604222556372 -26.74179527871181 12.7031
5027 319.092 3960.62 18.629 0.129 -0.07 0.139 1.005 0.06 3.627 0.13 118.67786403963218 -26.72157864742519 7.3110
6885 1449.31 4059.19 18.102 0.204 0.896 0.297 -0.088 0.286 0.988 0.222 118.52448760268949 -26.710789261450955 10.7569
7025 1157.35 3701.1 19.223 0.274 -0.122 0.368 0.193 0.266 "" "" 118.56447910968605 -26.75378240694867 6.8901
7292 2062.29 4051.2 19.223 0.183 -0.414 0.249 "" "" "" "" 118.44137158477082 -26.712365289176507 10.1336
8384 116.212 3899.91 18.639 0.153 1.649 0.174 -0.991 0.084 2.304 0.164 118.70544388808807 -26.72871493894082 11.9635
8504 1473.18 3888.11 19.027 0.103 0.217 0.146 0.778 0.147 "" "" 118.52144147005669 -26.73149216390576 17.0650
9056 1231.32 3970.22 19.164 0.164 0.313 0.2 0.251 0.133 1.013 0.197 118.55414800858496 -26.721326412147135 9.7491
309 4074.6 1936.37 14.33 0.026 0.319 0.034 0.091 0.037 0.897 0.039 118.17084539944629 -26.969996764478324 7.7060
9332 1551.01 3988.39 19.512 0.12 -0.068 0.15 0.501 0.144 1.138 0.215 118.51077525182568 -26.719448392922757 13.8539
9738 1285.08 4001.13 19.052 0.176 0.338 0.333 0.202 0.361 0.916 0.228 118.54682324993917 -26.717643714105836 16.5725
10275 1979.19 4076.42 19.477 0.199 0.105 0.287 0.673 0.249 "" "" 118.45261247004746 -26.709234115616862 12.7443
3848 3898.66 3877.11 17.15 0.019 0.936 0.027 0.237 0.032 1.3 0.025 118.19253949181099 -26.735236431943324 5.7488
10922 2050.28 2181.2 19.381 0.059 1.552 0.087 "" "" 2.653 0.076 118.44508609152435 -26.93838787769041 17.7954
11051 821.311 3253.58 19.455 0.131 0.326 0.318 "" "" "" "" 118.61054783027305 -26.80754143991384 7.1682
11581 3687.83 3212.97 19.693 0.097 1.049 0.15 "" "" 2.218 0.108 118.22187050756722 -26.815303859979025 11.4134
12052 1446.34 1833.55 18.769 0.27 2.279 0.41 "" "" "" "" 118.5273729058958 -26.979808510333438 10.8400
12271 2147.64 3178.7 19.634 0.065 1.276 0.095 "" "" 2.42 0.083 118.43077066405775 -26.817912900128718 6.3280
12342 1808.09 4009.95 19.616 0.103 0.292 0.151 1.194 0.195 1.229 0.163 118.47588912434075 -26.717098280019883 8.8288
12371 511.564 282.291 19.238 0.111 1.451 0.168 "" "" "" "" 118.65586623802673 -27.166384924176956 15.1037
12585 1130.22 3960.16 19.494 0.093 0.668 0.15 1.101 0.189 "" "" 118.56786918845592 -26.722441756767562 16.8308
12783 2718.46 1500.49 19.761 0.058 0.973 0.1 "" "" 2.118 0.078 118.3552348902657 -27.02133327561536 17.5763
13029 24.704 1010.99 20.62 0.183 -0.281 0.201 "" "" 2.244 0.347 118.72107548653904 -27.07781941025236 8.6820
13758 3316.39 2002.16 19.724 0.032 1.109 0.049 "" "" 1.703 0.039 118.27359128069472 -26.96128963273792 6.1145
14375 3857.94 1.548 20.409 0.154 0.303 0.168 "" "" 2.265 0.15 118.20238436728984 -27.20365091665945 21.3264
13874 3491.1 2807.19 19.787 0.114 0.813 0.135 "" "" "" "" 118.24900126920016 -26.864156295651604 13.6078
14806 1233.38 4000.25 19.272 0.113 0.051 0.159 0.324 0.139 -0.488 0.118 118.55383515992057 -26.717698614083492 8.5546
13378 534.753 3498.8 19.676 0.036 1.103 0.052 "" "" 1.765 0.043 118.64913383274883 -26.777615417155904 13.5921
16771 1012.85 4026.49 20.142 0.138 0.916 0.17 "" "" 1.412 0.325 118.58371150108066 -26.714307332418173 14.6933
17089 1314.62 3835.95 20.222 0.163 0.732 0.237 "" "" 1.08 0.268 118.54300163947379 -26.737639104130437 22.4738
17246 1423.06 3931.13 20.224 0.198 0.668 0.27 "" "" 1.074 0.267 118.52819015213812 -26.726242264359307 8.9699
17998 3845.84 3125.91 20.259 0.574 0.964 0.65 "" "" "" "" 118.200540212792 -26.825984462766375 8.6291
18105 737.112 3250.65 20.21 0.16 1.826 0.426 "" "" "" "" 118.62196914801251 -26.807811777842314 15.7868
19205 406.915 313.545 20.812 0.08 0.18 0.1 "" "" 1.149 0.105 118.6700226074185 -27.162502943560302 9.2807
19661 111.295 3920.25 18.974 0.235 2.654 0.258 "" "" 0.369 0.341 118.70608798426416 -26.72625146493582 14.6973
19777 1780.76 4081.66 21.125 0.135 0.045 0.177 "" "" "" "" 118.47951530067944 -26.708403191152737 13.2702
19801 14.776 3480.54 19.88 0.414 1.61 0.445 "" "" "" "" 118.71966718925637 -26.779304922095513 5.2700
20390 16.674 1083.63 21.702 0.186 -0.403 0.211 "" "" "" "" 118.72208339306732 -27.069031122331268 5.0013
22708 303.419 1258.23 21.312 0.068 0.328 0.097 "" "" "" "" 118.68300375169191 -27.048211971553236 19.7889
22893 2535.24 2792.45 21.458 0.064 -0.042 0.089 -0.738 0.124 1.331 0.08 118.3786398774318 -26.864986386508786 16.3601
23628 681.136 938.523 21.85 0.097 -0.24 0.131 "" "" 2.253 0.1 118.63213895381448 -27.087232294599346 5.0541
23789 1273.93 255.784 21.969 0.132 -0.337 0.16 "" "" 2.255 0.132 118.55251295287404 -27.17034789655957 5.7683
23812 1157.08 3970.51 20.566 0.21 0.63 0.243 "" "" -0.108 0.216 118.56421521556602 -26.721217450056365 10.1693
23831 245.627 4075.21 20.773 0.269 0.978 0.462 "" "" 1.169 0.256 118.68769865673329 -26.707654548595567 9.9397
23890 1518.1 1282.05 21.55 0.069 0.886 0.16 "" "" 2.065 0.076 118.51825684320069 -27.04654200964218 8.5128
23965 1060.32 3758.05 20.744 0.142 0.554 0.179 "" "" 0.829 0.141 118.57757362037808 -26.74680203075212 12.7811
24248 2457.74 3898.8 19.639 0.206 -0.034 0.32 "" "" -0.194 0.199 118.38791543260587 -26.731180184993775 11.5033
24395 2321.62 1030.77 22.065 0.122 1.063 0.247 "" "" 2.47 0.124 118.409573469315 -27.07771518374358 11.8593
24677 844.378 842.511 21.684 0.102 0.944 0.198 "" "" 1.944 0.106 118.61010914384715 -27.099000170869353 9.8919
24678 773.508 906.407 21.736 0.108 0.7 0.154 "" "" 2.053 0.115 118.61964840410587 -27.091206246482464 5.6432
24680 1737.97 3981.93 21.626 0.227 -0.181 0.387 "" "" 1.061 0.344 118.48542920462629 -26.720415364974606 12.3720
24741 1122.28 1861.57 21.574 0.071 1.376 0.226 "" "" 1.889 0.088 118.57128674742005 -26.97609900493156 7.8913
24776 1164.25 1132.96 21.666 0.071 0.161 0.108 "" "" 1.556 0.088 118.56640799802588 -27.064210856976015 14.8571
25085 1897.27 3992.17 21.59 0.166 0.15 0.384 "" "" 1.578 0.164 118.4638154442291 -26.719336203223353 15.3339
25142 1676.55 1409.23 22.036 0.093 -0.004 0.147 "" "" "" "" 118.49662791102247 -27.031326985812992 22.4354
22 3102.98 503.091 11.344 0.052 0.797 0.062 0.882 0.055 1.522 0.062 118.30420347048121 -27.142275773863332 0.3218
151 3330.51 3832.54 13.327 0.033 0.733 0.039 0.347 0.024 1.121 0.045 118.26963483464766 -26.740058176179165 0.9355
159 2226.38 2256.04 13.74 0.02 0.114 0.033 0.156 0.032 0.717 0.031 118.42112206157668 -26.929516974850138 2.2152
164 4004.79 709.92 13.536 0.033 0.485 0.041 0.101 0.041 1.097 0.041 118.18168020719928 -27.11817329155111 1.4196
249 1143.86 1371.85 13.331 0.027 2.003 0.037 1.017 0.038 3.551 0.037 118.56890657779567 -27.035314947067352 0.3350
283 2417.25 3633.06 14.28 0.034 0.5 0.04 0.011 0.028 1.071 0.051 118.39370261107636 -26.76326095592819 0.3607
308 493.838 3054.38 14.662 0.17 -0.29 0.183 1.698 0.04 "" "" 118.65517794977917 -26.831293547064092 2.2006
423 287.33 4082.28 14.855 0.041 0.208 0.053 0.158 0.063 "" "" 118.68203551440521 -26.70684148563697 1.4555
473 3842.28 3036.88 15.947 0.109 -0.035 0.222 "" "" 3.063 0.107 118.20112228373178 -26.836742338728598 0.6817
498 4015.26 122.905 14.325 0.031 1.005 0.038 1.541 0.041 1.793 0.046 118.18091516719244 -27.189138617689885 1.6550
2068 906.965 4043.82 16.64 0.094 0.532 0.165 0.058 0.157 "" "" 118.59805101309674 -26.712107172122682 2.7597
617 3586.93 596.4 15.041 0.031 0.417 0.036 0.275 0.039 1.069 0.036 118.23847194779003 -27.13147892329807 1.0068
678 3649.49 1255.3 15.102 0.014 0.631 0.021 0.093 0.023 1.066 0.038 118.22925336014517 -27.05189726733665 0.8397
701 2889.31 2450.31 15.188 0.021 0.558 0.024 0.062 0.021 1.109 0.028 118.33100682201547 -26.90669473653133 4.3238
908 63.898 4082.16 14.791 0.093 1.479 0.108 1.37 0.091 2.167 0.107 118.71233479244944 -26.706633555890207 1.3816
1060 3983.37 3386.69 15.699 0.014 0.447 0.021 -0.075 0.027 0.866 0.026 118.18159917629528 -26.794599834139206 0.7191
1126 3760.42 3774.22 15.615 0.018 0.683 0.025 0.254 0.025 1.321 0.027 118.21140069452326 -26.74753554395651 0.2640
4914 4077.87 3187.47 17.522 0.095 0.058 0.149 "" "" 1.21 0.097 118.1690064459505 -26.81877444815512 0.6061
1154 3901.49 3142.44 15.79 0.019 0.431 0.028 -0.059 0.03 0.94 0.029 118.19297519511332 -26.824041815676516 0.4168
2506 3357.19 3860.0 18.19 0.145 0.486 0.246 -0.412 0.244 3.404 0.142 118.26598618615607 -26.736765534622638 1.2760
1167 977.169 4016.39 16.669 0.083 0.655 0.123 "" "" 2.806 0.082 118.58856139239396 -26.715492638982777 2.8242
1264 2795.92 253.389 15.378 0.031 1.212 0.04 0.783 0.042 1.933 0.047 118.34612175742959 -27.17215258609485 0.5651
1386 1828.14 4037.44 17.558 0.243 -0.425 0.291 0.102 0.165 3.5 0.232 118.47313952275967 -26.713795411835907 2.1733
1489 901.333 3867.69 16.032 0.024 0.64 0.032 0.333 0.038 "" "" 118.59901121764015 -26.73339111841475 0.6813
1593 3885.19 982.508 16.029 0.02 0.719 0.026 0.102 0.032 1.277 0.029 118.19759485888244 -27.085105399475495 1.0887
1878 3304.53 549.219 16.23 0.028 0.758 0.034 0.195 0.046 1.289 0.037 118.27682024574575 -27.136900744238492 0.6307
2097 1319.93 3264.42 16.485 0.02 0.525 0.026 0.179 0.029 1.286 0.025 118.54291906377988 -26.806727558047054 0.5289
2149 1344.85 2645.9 16.539 0.018 0.503 0.022 0.362 0.028 1.248 0.024 118.54022963127798 -26.8815154078317 0.4533
2230 2793.21 1003.71 16.552 0.018 0.654 0.022 0.32 0.024 1.269 0.038 118.34565232356948 -27.081455521471838 0.4218
2259 415.001 3839.95 17.036 0.09 0.464 0.107 0.233 0.082 2.706 0.095 118.66499262065574 -26.73626000452475 3.0770
2516 3902.63 760.477 16.689 0.023 0.51 0.03 0.292 0.038 1.109 0.029 118.19547751736562 -27.11196055629977 0.3261
2611 3840.5 3680.67 16.732 0.016 0.719 0.023 -0.084 0.025 1.265 0.021 118.20064556249997 -26.75892303744251 1.1672
2655 1381.16 4066.24 18.892 0.186 1.034 0.41 "" "" 3.784 0.179 118.53372141724958 -26.709869253339335 1.8265
2876 1209.56 1678.27 16.714 0.028 1.595 0.036 0.615 0.045 3.682 0.038 118.55965534844862 -26.998342115692452 2.0519
3127 3673.3 2948.42 16.888 0.013 0.857 0.017 0.521 0.028 1.351 0.021 118.22413597760486 -26.847266634867456 0.1953
3253 4031.49 2769.53 17.049 0.014 0.627 0.021 -0.073 0.041 1.193 0.021 118.17576212353977 -26.869246391603042 0.8749
3258 3802.15 1371.79 16.88 0.013 0.978 0.02 0.608 0.029 1.399 0.025 118.20842152166172 -27.037968623355727 0.5284
3344 2151.11 285.655 16.902 0.029 0.933 0.039 0.65 0.046 1.464 0.043 118.43352709658632 -27.16761053108829 0.5811
3387 2493.72 4048.97 18.721 0.206 -0.339 0.234 0.584 0.157 3.455 0.198 118.38286875611712 -26.713064342562614 1.6429
3626 1529.7 2510.97 17.298 0.025 0.516 0.031 0.412 0.037 1.314 0.033 118.5153130161609 -26.898008973411176 0.1004
3658 3703.59 2493.05 17.051 0.026 1.112 0.033 0.751 0.051 1.809 0.034 118.22053634812296 -26.902339223194176 0.5333
3663 1263.55 3788.6 17.238 0.025 0.602 0.034 0.154 0.036 1.251 0.03 118.5499799505549 -26.74331165017377 0.4464
3727 421.147 2991.72 17.405 0.035 0.422 0.042 0.461 0.043 1.278 0.044 118.6651053165024 -26.838795150910002 0.5337
3790 279.061 3015.26 17.246 0.039 0.737 0.05 0.831 0.049 1.934 0.051 118.6843470432607 -26.83580832312203 0.2840
3803 1017.43 839.854 17.356 0.03 0.539 0.038 0.306 0.042 1.328 0.037 118.58664488932956 -27.0994936128468 0.3260
10308 3896.6 3881.39 20.067 0.17 -0.415 0.208 "" "" "" "" 118.1928140700394 -26.734717040041392 1.7352
4126 4065.73 1960.87 17.468 0.016 0.666 0.022 0.025 0.043 1.364 0.027 118.17202091345618 -26.967026518912007 0.1155
4196 3244.82 380.732 17.361 0.03 0.862 0.036 0.593 0.059 1.472 0.039 118.28510532903749 -27.15720701326962 0.6867
4218 835.462 244.495 17.362 0.03 0.827 0.044 0.692 0.053 1.578 0.041 118.6119852694352 -27.17127593338806 0.4239
4249 2153.21 3433.5 17.198 0.025 1.153 0.029 1.317 0.052 1.814 0.033 118.42973111625108 -26.787119727596004 0.4978
4370 1249.68 618.958 17.412 0.036 0.904 0.043 0.454 0.043 1.612 0.049 118.55539634891527 -27.126425428705485 0.3368
4565 664.641 4044.67 17.609 0.026 0.734 0.032 0.441 0.042 1.593 0.031 118.63091111360957 -26.711763186841072 1.2861
4574 1355.44 3866.53 17.522 0.026 0.805 0.035 0.188 0.041 1.428 0.029 118.53743201513925 -26.73398341230021 0.6184
9966 3450.22 241.265 19.08 0.044 0.842 0.06 0.476 0.1 1.635 0.05 118.25740703229671 -27.17426944285546 0.7064
4761 1137.39 3748.15 17.638 0.025 0.717 0.031 0.223 0.035 1.384 0.028 118.567133362333 -26.748075410197696 0.1962
4943 3645.64 213.16 17.699 0.035 0.848 0.044 0.31 0.049 1.633 0.041 118.23093788577084 -27.177861156782036 1.0595
5038 3804.87 2207.88 17.724 0.019 0.836 0.025 0.318 0.041 1.452 0.028 118.20712006751019 -26.936909714824697 0.2662
5412 3908.99 193.383 17.867 0.034 0.744 0.041 0.505 0.04 1.513 0.042 118.19524760532556 -27.180513858074185 0.6367
5595 4081.28 3507.46 17.91 0.016 0.946 0.026 0.133 0.041 1.595 0.023 118.16818709626287 -26.780099343455596 1.2780
5669 1471.76 2048.04 18.984 0.036 1.7 0.053 "" "" 3.705 0.039 118.52368650430651 -26.953907533688362 1.5334
5756 3537.05 3508.37 18.038 0.019 0.665 0.028 0.209 0.037 1.246 0.032 118.2419879683447 -26.779447547386013 0.7626
5927 2538.33 394.214 17.831 0.028 1.3 0.038 1.319 0.071 1.937 0.038 118.38089591568803 -27.154874052464585 0.6540
5930 619.255 514.855 18.032 0.03 0.731 0.043 0.562 0.053 1.546 0.038 118.6410030786418 -27.138381173018225 0.3706
6211 1619.89 2743.66 18.095 0.024 0.921 0.032 "" "" 1.556 0.03 118.50282299008015 -26.869972569238836 0.2322
6320 260.884 2579.29 18.217 0.046 0.705 0.058 0.467 0.067 1.614 0.057 118.68729828248154 -26.88848770348648 0.7152
6441 576.766 2593.83 18.228 0.033 0.842 0.04 0.543 0.054 1.767 0.037 118.64444596961775 -26.887044666200474 0.5031
6557 3366.36 1148.66 18.208 0.02 0.821 0.026 0.167 0.038 1.322 0.028 118.2677669742765 -27.064505413944975 0.7204
7180 1382.84 3949.25 18.557 0.023 1.402 0.037 "" "" 2.291 0.029 118.53362409024561 -26.724011985416695 0.7998
7245 194.798 2958.54 18.461 0.045 0.863 0.055 "" "" 1.696 0.051 118.69583703893665 -26.842580414539583 0.5962
7327 3838.08 852.658 18.46 0.023 0.677 0.033 0.331 0.05 1.294 0.031 118.20412818573524 -27.100754000117202 0.8463
7366 1689.51 3498.7 18.48 0.022 0.748 0.028 0.314 0.049 1.429 0.028 118.49253977313333 -26.7787771069248 0.6026
7540 269.31 2374.99 18.44 0.043 0.914 0.055 0.926 0.075 1.71 0.055 118.68638353286424 -26.91319066809015 0.2980
7664 3707.26 402.026 18.521 0.034 0.852 0.042 0.263 0.06 1.529 0.041 118.22237106002376 -27.155093496181898 1.4358
7670 477.964 3753.09 18.488 0.029 1.007 0.039 0.45 0.058 1.791 0.039 118.65655122681447 -26.746821809768193 0.9763
7952 4065.02 3506.23 18.536 0.019 1.167 0.031 0.938 0.091 1.67 0.027 118.17039345268819 -26.78023183116595 1.5506
8081 4022.37 10.773 18.637 0.035 0.965 0.05 "" "" 1.687 0.049 118.18007607053083 -27.202699549208248 1.3853
8422 3779.97 2798.94 18.744 0.017 0.766 0.026 -0.011 0.051 1.348 0.027 118.20983741758805 -26.8654410874123 0.6705
8566 380.309 3799.16 19.738 0.08 -0.261 0.088 "" "" 2.097 0.188 118.66974262833241 -26.741155921440978 3.0331
8993 3478.2 469.718 18.841 0.035 0.796 0.045 0.352 0.092 1.464 0.042 118.2533578997224 -27.14668324988967 0.9552
9122 3451.7 516.89 18.87 0.034 0.868 0.044 0.172 0.075 1.554 0.04 118.25689889194925 -27.14095499569339 1.1671
9306 351.431 3426.36 18.708 0.038 1.779 0.055 "" "" 1.689 0.044 118.67407454591212 -26.786189032422325 0.7482
9326 1071.01 3998.34 18.56 0.142 0.728 0.201 -0.383 0.16 0.077 0.144 118.57585594502928 -26.717767838384137 0.7345
9368 2406.43 3965.37 18.91 0.021 0.994 0.034 0.286 0.075 1.661 0.039 118.39479921968875 -26.723082515982554 0.0166
9379 796.868 2901.73 18.985 0.032 1.176 0.043 0.625 0.397 2.047 0.038 118.6142549585402 -26.850046653950653 0.3893
9597 183.885 1798.53 20.188 0.217 -0.464 0.234 "" "" "" "" 118.69861083900257 -26.982784701287205 0.4944
9621 128.975 915.087 20.148 0.054 1.597 0.098 "" "" 3.721 0.06 118.7070424884289 -27.089515403483322 0.9002
9866 4020.52 4033.22 19.286 0.028 0.272 0.037 0.974 0.077 1.504 0.036 118.17584018325662 -26.71648809407456 1.1797
9890 756.691 2680.0 19.076 0.035 0.812 0.042 0.372 0.066 1.635 0.044 118.61995060162195 -26.87680806786693 2.0999
10037 2076.32 1657.44 19.055 0.026 0.953 0.037 0.545 0.073 1.671 0.034 118.442139079938 -27.001722813879287 0.4560
10804 2391.38 115.816 19.291 0.036 1.257 0.062 "" "" 1.95 0.046 118.4011340302602 -27.188378862826664 0.6158
11007 1599.75 1164.03 19.351 0.033 1.15 0.047 "" "" 2.006 0.039 118.50731610137065 -27.060888855057815 0.5705
11917 2548.67 3894.36 19.356 0.029 1.065 0.044 "" "" "" "" 118.37558955882125 -26.73180739004917 0.6437
11978 3226.11 861.58 19.391 0.031 1.036 0.046 0.286 0.092 1.649 0.043 118.28710620009382 -27.099066323232996 0.8323
12355 1492.43 3212.92 19.595 0.028 1.168 0.043 "" "" 1.936 0.033 118.5195841458168 -26.813124303577688 0.3969
12677 622.669 2084.03 19.547 0.054 1.064 0.074 0.361 0.107 1.784 0.062 118.63878980690829 -26.948711974453236 0.2550
12888 2778.68 533.688 19.583 0.03 1.065 0.048 "" "" 1.703 0.042 118.34814698343577 -27.138254537007523 0.2460
12932 3280.57 2926.64 19.626 0.028 0.893 0.042 0.201 0.091 1.65 0.035 118.27741756204655 -26.849508295588382 0.1387
13236 3929.76 578.767 19.698 0.037 0.937 0.055 "" "" 1.741 0.046 118.19200116001159 -27.13395159575988 0.7417
13873 1552.86 4088.48 18.12 0.131 0.565 0.261 "" "" -0.069 0.126 118.51041273372765 -26.707351947178374 1.8237
14246 2805.35 104.778 19.825 0.045 1.028 0.064 "" "" 1.752 0.054 118.34500874024693 -27.190125193119975 0.8663
17552 277.014 270.17 20.924 0.216 0.083 0.249 "" "" "" "" 118.68768659098403 -27.167616535991357 1.7742
22243 562.383 333.868 21.761 0.157 -0.459 0.175 "" "" 1.435 0.167 118.64891724960177 -27.160201193483292 1.6649
22696 216.244 3776.6 20.251 0.079 1.343 0.105 "" "" 0.527 0.084 118.69201630247987 -26.743719508228807 1.3256
22715 137.475 5.989 22.041 0.141 -0.317 0.163 "" "" 3.342 0.189 118.70690385733144 -27.199410257360277 2.2245
23301 35.982 989.083 21.842 0.202 -0.049 0.231 "" "" "" "" 118.71957053639477 -27.080478626559113 1.3414
23439 28.749 591.143 22.079 0.191 -0.314 0.219 "" "" "" "" 118.72099526292479 -27.128572060497774 1.6430
25027 1057.75 2328.04 21.769 0.097 0.368 0.137 "" "" 1.724 0.11 118.57951721009594 -26.91965062706757 3.9413
25168 92.672 88.307 21.864 0.211 0.589 0.278 "" "" 1.986 0.27 118.71288767800588 -27.189415541162195 2.1039
25196 404.535 379.459 22.081 0.156 0.358 0.233 "" "" 2.057 0.157 118.67027183170343 -27.154533279535688 4.8055
2602 856.412 4078.57 17.725 0.086 0.845 0.236 -0.069 0.275 2.846 0.087 118.60486763801264 -26.707856470218342 4.5168
3824 643.33 3948.08 17.757 0.108 0.375 0.119 -0.338 0.074 "" "" 118.63390879303068 -26.723417199147423 4.1835
1138 4080.32 3184.55 15.78 0.014 0.266 0.023 -0.016 0.033 0.709 0.026 118.1686774636552 -26.819129839556233 2.8657
4609 3445.86 239.591 17.551 0.036 0.817 0.045 0.334 0.047 1.498 0.043 118.25800014996977 -27.17446744554138 3.4057
11429 3682.45 3067.55 19.298 0.025 1.01 0.043 "" "" 1.47 0.041 118.22276228403543 -26.832876013898094 1.3534
