EDR3Name _x _y RA_ICRS DE_ICRS Plx e_Plx pmRA e_pmRA pmDE e_pmDE Gmag e_Gmag BP-RP e_BP-RP V eV BV eBV UB eUB VI eVI probs_final membs_select
"Gaia EDR3 5599871479724092544" 0.018359 -0.074548 116.22172583054 -28.44757966141 0.27137 0.0433 -1.824 0.033 1.754 0.043 16.44166 0.00279 0.964617 0.00603442565618303 16.58 0.028 0.626 0.037 0.407 0.043 0.954 0.034 1.0 1
"Gaia EDR3 5599916830275449344" -0.113793 -0.00742 116.07150739821 -28.38039224495 0.28525500000000004 0.0996 -1.834 0.081 1.762 0.096 17.937151 0.002932 1.455244 0.014973664915444046 18.282 0.026 0.923 0.037 0.36 0.053 1.428 0.038 0.99 1
"Gaia EDR3 5599922710095948160" -0.075745 0.016681 116.11477295443 -28.35632515691 0.296512 0.0349 -1.837 0.029 1.755 0.033 16.04467 0.00278 0.916445 0.005750825505959992 16.184 0.023 0.55 0.034 0.315 0.037 0.846 0.034 1.0 1
"Gaia EDR3 5599871101767201408" 0.031506 -0.094068 116.23668413915 -28.46709626185 0.27734200000000003 0.0183 -1.826 0.014 1.767 0.019 14.56913 0.002765 0.90767 0.00486409313233207 14.713 0.037 0.527 0.044 0.167 0.034 0.93 0.041 1.0 1
"Gaia EDR3 5599919892597367808" -0.046684 0.027529 116.14780089516 -28.34549385193 0.287395 0.0135 -1.831 0.011 1.749 0.013 12.972634 0.002761 1.931963 0.004790375768141785 13.614 0.023 1.567 0.038 1.217 0.038 1.846 0.058 1.0 1
"Gaia EDR3 5599919892597372032" -0.047852 0.022371 116.14647202969 -28.35065131299 0.263716 0.0848 -1.815 0.07 1.756 0.076 17.531689 0.002867 1.33551 0.012806356234308024 17.808 0.027 0.871 0.041 0.374 0.047 1.255 0.037 1.0 1
"Gaia EDR3 5599918312049410432" 0.001228 -0.072139 116.20224136958 -28.44517229731 0.270116 0.0125 -1.819 0.01 1.758 0.013 13.66158 0.002761 0.755828 0.00475781136658443 13.815 0.029 0.358 0.037 0.111 0.033 0.826 0.036 1.0 1
"Gaia EDR3 5599919205402556544" 0.009498 0.002984 116.21163913291 -28.37004815296 0.269114 0.0275 -1.821 0.024 1.764 0.026 15.528647 0.002772 0.939075 0.005158145112344165 15.716 0.019 0.519 0.026 0.356 0.032 0.925 0.027 1.0 1
"Gaia EDR3 5599923878327068160" -0.119897 0.068122 116.06466587975 -28.30484360778 0.303975 0.0305 -1.822 0.026 1.77 0.031 15.693503 0.002776 0.98143 0.0055466390724473865 15.883 0.019 0.653 0.026 0.261 0.025 0.879 0.027 0.99 1
"Gaia EDR3 5599922984973859968" -0.090158 0.034413 116.09841103885 -28.33858191951 0.269365 0.0219 -1.841 0.019 1.77 0.022 15.055313 0.002769 0.814973 0.005251952208464962 15.18 0.033 0.517 0.039 0.193 0.027 0.766 0.04 0.99 1
"Gaia EDR3 5599918273384161920" -0.004619 -0.079446 116.19559194545 -28.45247923478 0.303793 0.0828 -1.827 0.068 1.749 0.079 17.616728 0.002883 1.43298 0.012355770554684155 17.968 0.034 0.929 0.044 0.235 0.091 1.423 0.041 1.0 1
"Gaia EDR3 5599918793085723648" -0.009353 -0.012729 116.1902141949 -28.38576110018 0.28613700000000003 0.0386 -1.825 0.032 1.779 0.037 16.131226 0.002786 1.132898 0.0056741732437422115 16.335 0.022 0.736 0.029 0.487 0.037 1.056 0.028 1.0 1
"Gaia EDR3 5599918655646807296" -0.03069 -0.037583 116.16595323792 -28.41061183891 0.29850200000000005 0.0447 -1.809 0.036 1.746 0.045 16.587063 0.002795 1.049413 0.0066702661116330286 16.765 0.023 0.677 0.033 0.447 0.042 1.04 0.029 1.0 1
"Gaia EDR3 5599917109458652544" -0.134427 0.017836 116.04809034866 -28.35511190413 0.260389 0.0601 -1.847 0.05 1.773 0.059 17.193935 0.00283 1.134974 0.008499814703862667 17.459 0.021 0.678 0.03 0.248 0.034 1.136 0.031 0.99 1
"Gaia EDR3 5599872441796900608" 0.113403 -0.040313 116.32978044986 -28.41328510269 0.307033 0.0509 -1.847 0.039 1.748 0.049 16.654013 0.002806 1.244177 0.007198060363736887 16.891 0.034 0.874 0.046 0.563 0.045 1.2 0.037 0.99 1
"Gaia EDR3 5599912677052345600" -0.033371 -0.061246 116.16289641686 -28.43427331186 0.283701 0.0322 -1.863 0.026 1.736 0.031 15.911081 0.002782 0.819818 0.005460642086787963 16.029 0.025 0.453 0.034 0.291 0.037 0.888 0.032 1.0 1
"Gaia EDR3 5599873678747333504" 0.095125 0.020268 116.30893703034 -28.35272210715 0.284711 0.06 -1.805 0.05 1.733 0.058 17.094093 0.002832 1.278002 0.008619453578968914 17.384 0.025 0.863 0.036 0.499 0.049 1.234 0.034 0.99 1
"Gaia EDR3 5599918621287081088" -0.038181 -0.048527 116.15743104267 -28.42155299444 0.285275 0.0187 -1.811 0.015 1.724 0.019 14.707149 0.002763 0.815444 0.004871026585844097 14.833 0.027 0.47 0.035 0.13 0.032 0.837 0.034 1.0 1
"Gaia EDR3 5599920030036283392" -0.006106 0.022279 116.19390727069 -28.35075404057 0.278588 0.1493 -1.862 0.12 1.731 0.144 18.522982 0.003169 1.603779 0.039505130907263174 18.948 0.032 1.141 0.045 0.488 0.079 1.539 0.039 1.0 1
"Gaia EDR3 5599919514640248832" -0.024702 -0.017474 116.17276598486 -28.39050441406 0.314711 0.0587 -1.831 0.049 1.756 0.059 16.913754 0.002822 1.223106 0.007511700539824521 17.16 0.025 0.809 0.036 0.426 0.044 1.171 0.032 1.0 1
"Gaia EDR3 5599873197711146624" 0.110495 -0.04088 116.32647412033 -28.4138554735 0.27059300000000003 0.0155 -1.823 0.012 1.718 0.015 13.56808 0.002761 1.216714 0.004800961674498142 13.871 0.033 0.757 0.042 0.453 0.036 1.227 0.037 0.99 1
"Gaia EDR3 5599912986290078848" -0.112688 -0.079758 116.07267540849 -28.45273073684 0.282553 0.0202 -1.801 0.016 1.732 0.02 14.716215 0.002768 0.762827 0.0049597155160351685 14.785 0.022 0.409 0.028 0.127 0.027 0.787 0.036 0.99 1
"Gaia EDR3 5599912397868861440" -0.021276 -0.08562 116.17664526442 -28.45865114478 0.251066 0.0758 -1.837 0.06 1.779 0.074 17.476221 0.002869 1.239775 0.010120746266950871 17.741 0.031 0.777 0.042 0.293 0.051 1.273 0.036 1.0 1
"Gaia EDR3 5599918518207814528" 0.008016 -0.039768 116.20995957616 -28.41280080845 0.286816 0.0157 -1.829 0.012 1.71 0.015 14.073968 0.002861 0.657783 0.00584342519418192 14.227 0.026 0.355 0.032 -0.238 0.031 0.705 0.033 1.0 1
"Gaia EDR3 5599920133115485056" -0.002899 0.040143 116.19755159645 -28.33289034753 0.268849 0.0251 -1.826 0.021 1.787 0.024 15.375255 0.002768 0.894479 0.00512507999937562 15.492 0.028 0.522 0.036 0.302 0.03 0.864 0.037 1.0 1
"Gaia EDR3 5599912711412109056" -0.054395 -0.069303 116.13898336264 -28.44232169783 0.26896200000000003 0.0468 -1.873 0.036 1.756 0.044 16.607014 0.002801 1.028862 0.007253610480305653 16.775 0.025 0.636 0.036 0.344 0.044 1.065 0.034 1.0 1
"Gaia EDR3 5599920064395996032" 0.011105 0.035487 116.21346228694 -28.33754580543 0.246302 0.0148 -1.819 0.012 1.745 0.014 14.039225 0.002761 0.952952 0.00479146626827321 14.177 0.023 0.519 0.031 0.323 0.032 0.939 0.033 1.0 1
"Gaia EDR3 5599918793085728384" -0.011965 -0.016426 116.18724448353 -28.38945826124 0.292775 0.044 -1.872 0.035 1.738 0.042 16.315247 0.002794 1.023394 0.005881640672465464 16.483 0.024 0.655 0.032 0.418 0.036 0.975 0.03 1.0 1
"Gaia EDR3 5599924909119075072" 0.010555 0.102868 116.21283007506 -28.2701645877 0.310356 0.0349 -1.864 0.029 1.737 0.036 16.121904 0.002784 1.142477 0.005916743783534994 16.331 0.02 0.736 0.029 0.471 0.04 1.09 0.033 0.99 1
"Gaia EDR3 5599918415128611072" 0.006711 -0.057832 116.20847616963 -28.43086514226 0.268083 0.0267 -1.875 0.021 1.764 0.026 15.490894 0.00277 0.793355 0.005907016590462566 15.623 0.024 0.458 0.032 0.234 0.036 0.815 0.032 1.0 1
"Gaia EDR3 5599917899732613504" -0.127923 0.04208 116.05551510864 -28.33087566645 0.28283800000000003 0.017 -1.809 0.014 1.709 0.017 14.499874 0.002763 0.831306 0.004845866279624315 14.662 0.032 0.486 0.038 0.075 0.022 0.826 0.04 0.99 1
"Gaia EDR3 5599922847534862080" -0.048652 0.040293 116.1455722413 -28.33272840996 0.262522 0.0692 -1.851 0.056 1.794 0.064 17.384281 0.002848 1.310051 0.010998384108586133 17.709 0.026 0.805 0.038 0.404 0.043 1.306 0.038 1.0 1
"Gaia EDR3 5599918410823219968" 0.010044 -0.056496 116.21226710643 -28.42952879285 0.26595399999999997 0.0247 -1.871 0.019 1.729 0.025 15.288024 0.002769 0.844323 0.008837823827164694 15.425 0.033 0.433 0.04 0.198 0.033 0.791 0.036 1.0 1
"Gaia EDR3 5599918273384163072" -0.014372 -0.079806 116.18449863855 -28.45283792823 0.309338 0.0568 -1.862 0.045 1.725 0.057 17.020084 0.002813 1.114916 0.00781649537836491 17.224 0.029 0.708 0.039 0.352 0.049 1.136 0.036 1.0 1
"Gaia EDR3 5599922160339965440" 0.078216 0.094971 116.28966023085 -28.27803308638 0.316965 0.0301 -1.827 0.025 1.792 0.03 15.621673 0.002777 0.977859 0.006905711621549223 15.806 0.022 0.61 0.03 0.388 0.03 0.987 0.029 0.99 1
"Gaia EDR3 5599921748023119104" 0.059155 0.083907 116.26802359941 -28.28910951278 0.26425 0.0161 -1.829 0.013 1.706 0.017 14.199453 0.002764 0.84401 0.004836839463947506 14.308 0.022 0.517 0.029 0.23 0.03 0.838 0.027 0.99 1
"Gaia EDR3 5599864332898780928" 0.024715 -0.151103 116.22897519952 -28.52413356792 0.277548 0.0754 -1.803 0.064 1.707 0.072 17.411858 0.002859 1.16997 0.010756998930928645 17.578 0.04 0.78 0.053 0.209 0.052 1.149 0.046 0.99 1
"Gaia EDR3 5599912367814718464" -0.032884 -0.096026 116.16343764706 -28.46905350071 0.238637 0.0398 -1.807 0.033 1.728 0.039 16.369059 0.002791 1.152 0.0067973013027230154 16.591 0.029 0.702 0.038 0.369 0.038 1.185 0.037 1.0 1
"Gaia EDR3 5599918724366249856" -0.003427 -0.02898 116.19694940563 -28.40201274986 0.268194 0.0214 -1.836 0.018 1.7 0.02 14.842463 0.002769 0.911274 0.00491618439442623 15.01 0.023 0.539 0.029 0.195 0.029 0.921 0.029 1.0 1
"Gaia EDR3 5599920030036282240" -0.008912 0.029093 116.19071937461 -28.34393963741 0.23358 0.0408 -1.807 0.033 1.766 0.041 16.307642 0.002795 1.029411 0.006344170552562407 16.445 0.023 0.639 0.033 0.456 0.032 0.966 0.032 1.0 1
"Gaia EDR3 5599922916254351360" -0.068403 0.054212 116.12314306225 -28.31879870059 0.237405 0.028 -1.823 0.023 1.773 0.027 15.633626 0.002771 1.049197 0.005497104783429183 15.832 0.022 0.683 0.034 0.364 0.037 0.968 0.035 0.99 1
"Gaia EDR3 5599871479724092288" 0.017721 -0.069051 116.22099827078 -28.44208214593 0.236168 0.0406 -1.815 0.032 1.781 0.04 16.396885 0.002789 1.009639 0.006075663091383524 16.58 0.027 0.617 0.036 0.33 0.042 0.988 0.033 1.0 1
"Gaia EDR3 5599923019333618304" -0.112191 0.037358 116.07338201938 -28.33561579141 0.24458799999999997 0.0238 -1.851 0.019 1.72 0.023 15.232512 0.00277 0.770092 0.005014823626011188 15.355 0.031 0.481 0.037 0.087 0.024 0.746 0.037 0.99 1
"Gaia EDR3 5599918891859682432" 0.017183 -0.023024 116.22037824827 -28.39605566466 0.247987 0.0694 -1.819 0.058 1.704 0.069 17.339964 0.002927 1.28076 0.013118987499041227 17.667 0.027 0.794 0.038 0.412 0.049 1.271 0.032 1.0 1
"Gaia EDR3 5599918724366239872" -0.000167 -0.01567 116.20065534658 -28.38870290821 0.260865 0.0172 -1.842 0.014 1.801 0.016 14.327167 0.002764 0.806505 0.004801248587607186 14.41 0.024 0.436 0.031 0.119 0.032 0.739 0.032 1.0 1
"Gaia EDR3 5599920889029663360" 0.069916 0.054756 116.28026604179 -28.31825419184 0.23316 0.0286 -1.825 0.023 1.735 0.028 15.503491 0.002776 0.988696 0.005470628848679098 15.684 0.017 0.566 0.026 0.407 0.032 "" "" 0.99 1
"Gaia EDR3 5599918586927321856" -0.015911 -0.049131 116.18275394758 -28.42216255336 0.27462 0.0367 -1.777 0.029 1.733 0.035 16.121855 0.002786 0.936789 0.005632113990323704 16.279 0.025 0.568 0.035 0.326 0.036 0.93 0.029 1.0 1
"Gaia EDR3 5599919755158447488" -0.065242 -4.1e-05 116.12669531592 -28.37305391219 0.273173 0.0433 -1.785 0.037 1.786 0.041 16.48865 0.002792 1.037043 0.006078525561351207 16.677 0.025 0.663 0.038 0.397 0.038 1.003 0.036 1.0 1
"Gaia EDR3 5599919171042835968" -0.001961 -0.006848 116.19861643717 -28.37988100844 0.239832 0.0403 -1.865 0.034 1.723 0.038 16.040388 0.002797 0.946059 0.005958114634681007 16.198 0.019 0.55 0.026 0.366 0.029 0.908 0.026 1.0 1
"Gaia EDR3 5599872029480080640" 0.054047 -0.022811 116.26228489093 -28.39583028669 0.269952 0.0217 -1.891 0.018 1.754 0.022 15.006584 0.002769 0.910574 0.004962487380336599 15.204 0.024 0.501 0.029 0.275 0.032 0.905 0.033 1.0 1
"Gaia EDR3 5599864843990595328" -0.03154 -0.153043 116.16494686979 -28.52607174047 0.29748800000000003 0.126 -1.781 0.103 1.774 0.119 18.253603 0.003009 1.413731 0.018905525805964774 18.544 0.046 0.958 0.059 0.356 0.071 1.455 0.054 0.99 1
"Gaia EDR3 5599919548999966080" -0.013503 -0.002005 116.18549785483 -28.37503697028 0.22769599999999998 0.0152 -1.847 0.013 1.764 0.015 13.70387 0.002761 0.807231 0.004767614602712766 13.813 0.024 0.461 0.032 0.126 0.028 0.788 0.034 1.0 1
"Gaia EDR3 5599923534729614848" -0.058171 0.082295 116.13478321831 -28.29072166493 0.253537 0.0348 -1.777 0.031 1.757 0.033 16.113909 0.002786 1.10741 0.006034660305269882 16.332 0.019 0.703 0.03 0.376 0.037 1.045 0.031 0.99 1
"Gaia EDR3 5599919544694789760" -0.021612 -0.005345 116.17628170022 -28.37837531221 0.251604 0.082 -1.816 0.065 1.696 0.077 17.56527 0.002886 1.35115 0.010576718772852003 17.848 0.029 0.917 0.042 0.339 0.055 1.278 0.036 1.0 1
"Gaia EDR3 5599919926957072640" -0.007534 0.01571 116.1922837668 -28.35732261644 0.334402 0.0438 -1.844 0.036 1.78 0.043 16.4849 0.0028 1.046246 0.009443939114585609 16.676 0.022 0.632 0.029 0.432 0.031 1.028 0.03 1.0 1
"Gaia EDR3 5599921748023119360" 0.062483 0.077132 116.27180706345 -28.29588254937 0.311685 0.0214 -1.879 0.017 1.715 0.021 14.778955 0.002765 0.930065 0.004891519293634647 14.896 0.02 0.575 0.028 0.335 0.029 0.893 0.028 0.99 1
"Gaia EDR3 5599871750298561408" 0.084009 -0.042823 116.29636250447 -28.41582247124 0.31997600000000004 0.0699 -1.801 0.055 1.785 0.065 17.371626 0.002854 1.300839 0.012990213431656924 17.647 0.029 0.889 0.045 0.338 0.056 1.239 0.036 0.99 1
"Gaia EDR3 5599919823877881472" -0.035563 0.022619 116.1604353827 -28.35040848652 0.277894 0.0376 -1.851 0.032 1.688 0.036 16.184713 0.002787 1.031677 0.00605498117255537 16.332 0.019 0.664 0.032 0.404 0.035 0.956 0.031 1.0 1
"Gaia EDR3 5599873472588907264" 0.088618 -0.017608 116.30157860676 -28.39060366968 0.266343 0.0338 -1.821 0.028 1.813 0.033 15.992 0.002784 1.050047 0.007479770651564124 16.187 0.025 0.6 0.035 0.478 0.039 1.02 0.031 0.99 1
"Gaia EDR3 5599923637808817792" -0.051048 0.091911 116.14287836751 -28.28110972489 0.274551 0.0517 -1.794 0.043 1.804 0.05 16.889395 0.002814 1.223494 0.00765314164248905 17.164 0.021 0.752 0.032 0.453 0.045 1.159 0.03 0.99 1
"Gaia EDR3 5599871342285140224" 0.000648 -0.081988 116.2015820063 -28.45502052485 0.288045 0.0205 -1.892 0.016 1.719 0.021 14.981829 0.002772 0.754495 0.004929328554681662 15.099 0.025 0.329 0.032 0.194 0.033 0.79 0.033 1.0 1
"Gaia EDR3 5599912951930326272" -0.093561 -0.085895 116.09442418346 -28.45888674431 0.339377 0.0839 -1.828 0.068 1.728 0.08 17.659504 0.002893 1.314218 0.014886056462340858 17.937 0.029 0.823 0.04 0.235 0.053 1.34 0.042 0.99 1
"Gaia EDR3 5599919583359735168" -0.043538 -0.001426 116.15136229833 -28.37444993738 0.332487 0.0363 -1.802 0.029 1.722 0.036 16.133568 0.002784 0.987854 0.0056396044187513724 16.274 0.022 0.622 0.032 0.373 0.036 0.946 0.031 1.0 1
"Gaia EDR3 5599918346409169792" -0.021485 -0.069921 116.17641026482 -28.44295189229 0.262971 0.0316 -1.897 0.025 1.767 0.032 15.869292 0.002779 0.827474 0.005752401672345212 15.993 0.026 0.477 0.034 0.288 0.036 0.859 0.031 1.0 1
"Gaia EDR3 5599919308482205824" 0.019647 0.020259 116.22317010928 -28.35277265951 0.285858 0.043 -1.766 0.036 1.728 0.043 16.324041 0.002792 1.211108 0.006198324370343972 16.56 0.019 0.746 0.027 0.549 0.036 1.128 0.031 1.0 1
"Gaia EDR3 5599918690007541504" -0.008136 -0.03538 116.19159505137 -28.40841233409 0.30445500000000003 0.0511 -1.887 0.043 1.788 0.049 16.734625 0.002828 1.218645 0.008941233583795918 17.009 0.028 0.734 0.036 0.441 0.043 1.172 0.031 1.0 1
"Gaia EDR3 5599918690006525312" -0.012441 -0.034863 116.18670088153 -28.40789500368 0.302218 0.0448 -1.855 0.036 1.817 0.042 16.469648 0.002795 1.016021 0.006517727824940222 16.657 0.022 0.644 0.032 0.429 0.041 0.982 0.029 1.0 1
"Gaia EDR3 5599918964884357120" 0.048044 -0.009492 116.25545380082 -28.38251407748 0.333858 0.0731 -1.872 0.06 1.778 0.07 17.235004 0.002872 1.272781 0.019087263528332187 17.525 0.026 0.733 0.037 0.447 0.045 1.256 0.033 1.0 1
"Gaia EDR3 5599919995676561920" -0.020533 0.01607 116.17751188107 -28.3569605924 0.24149500000000002 0.0341 -1.844 0.029 1.809 0.033 15.965419 0.002786 0.913022 0.005536242949871329 16.085 0.023 0.548 0.032 0.364 0.032 0.841 0.042 1.0 1
"Gaia EDR3 5599919755158448384" -0.071251 0.008707 116.11987272173 -28.36430173564 0.336687 0.0474 -1.799 0.039 1.783 0.049 16.6059 0.002803 1.086377 0.006634202438876884 16.802 0.024 0.703 0.035 0.433 0.039 1.042 0.035 1.0 1
"Gaia EDR3 5599871823321471872" 0.052082 -0.063138 116.26007323587 -28.43615843681 0.22509099999999999 0.0524 -1.79 0.042 1.724 0.052 16.418015 0.002849 1.012085 0.014108404055739258 16.475 0.027 0.626 0.04 0.384 0.042 0.967 0.038 0.99 1
"Gaia EDR3 5599864951374117632" -0.013877 -0.166846 116.18504902309 -28.53987841174 0.344769 0.0755 -1.803 0.062 1.77 0.07 17.454592 0.002862 1.231792 0.011201098919302516 17.656 0.042 0.777 0.054 0.341 0.049 1.286 0.049 0.99 1
"Gaia EDR3 5599916765861253760" -0.105398 -0.011669 116.08104412079 -28.38464921887 0.33565500000000004 0.0634 -1.883 0.053 1.756 0.06 17.193619 0.00284 1.246409 0.008262103364156129 17.468 0.026 0.801 0.035 0.341 0.041 1.272 0.036 0.99 1
"Gaia EDR3 5599864882654672384" -0.052782 -0.150142 116.14077236451 -28.52316188523 0.310253 0.0629 -1.897 0.051 1.779 0.059 17.101349 0.002827 1.199675 0.00828514121786708 17.334 0.04 0.727 0.052 0.3 0.051 1.265 0.049 0.99 1
"Gaia EDR3 5599919407257188608" -0.038443 -0.025361 116.15714366173 -28.39838702174 0.22426700000000002 0.1303 -1.885 0.106 1.778 0.13 18.350727 0.003142 1.443409 0.024394569395666733 18.73 0.037 1.01 0.052 0.346 0.077 1.457 0.044 1.0 1
"Gaia EDR3 5599919441615530368" -0.055973 -0.016307 116.13722025568 -28.38932474754 0.291285 0.0866 -1.767 0.074 1.788 0.082 17.727072 0.002902 1.38332 0.012074890392877279 18.072 0.031 0.912 0.047 0.345 0.055 1.398 0.04 1.0 1
"Gaia EDR3 5599919892597370624" -0.050886 0.030066 116.14302837733 -28.34295506767 0.22817 0.037 -1.884 0.031 1.721 0.035 16.198603 0.002788 1.034273 0.005852310483902918 16.37 0.021 0.642 0.033 0.384 0.036 0.962 0.035 1.0 1
"Gaia EDR3 5599919583359737472" -0.043587 -0.005596 116.15130491039 -28.37861986843 0.238366 0.0602 -1.895 0.049 1.783 0.06 17.06978 0.002835 1.362684 0.007247828502386077 17.358 0.027 0.963 0.039 0.304 0.045 1.309 0.036 1.0 1
"Gaia EDR3 5599920957749149952" 0.053694 0.057546 116.26183674645 -28.31547293232 0.249637 0.0314 -1.903 0.026 1.746 0.031 15.784746 0.002779 0.887857 0.005528995749681854 15.908 0.018 0.523 0.026 0.419 0.032 0.867 0.025 0.99 1
"Gaia EDR3 5599918861805160704" 0.041764 -0.031494 116.24832542394 -28.40451839796 0.353636 0.051 -1.804 0.042 1.751 0.052 16.760887 0.002812 1.056017 0.007860739214603167 16.964 0.022 0.686 0.031 0.424 0.045 1.026 0.03 1.0 1
"Gaia EDR3 5599920231889778304" -0.018648 0.048217 116.1796612565 -28.32481467455 0.230157 0.0909 -1.768 0.074 1.734 0.085 17.817015 0.002929 1.394934 0.01565384109412128 18.11 0.031 0.92 0.042 0.312 0.047 1.303 0.04 1.0 1
"Gaia EDR3 5599919411561044736" -0.031193 -0.026598 116.16538479967 -28.39962616478 0.368387 0.0318 -1.824 0.026 1.744 0.031 15.853013 0.002778 1.022812 0.005287986478802683 16.048 0.024 0.63 0.031 0.325 0.037 1.007 0.032 1.0 1
"Gaia EDR3 5599919475975268608" -0.043172 -0.015092 116.15177199261 -28.38811624891 0.347032 0.1899 -1.806 0.154 1.774 0.185 18.859686 0.003346 1.55007 0.037173116697419926 19.218 0.039 1.068 0.057 0.544 0.101 1.457 0.05 1.0 1
"Gaia EDR3 5599922911949423104" -0.061647 0.050048 116.13081414114 -28.3229671417 0.23071799999999998 0.1004 -1.819 0.085 1.819 0.102 17.967089 0.002956 1.38818 0.0181753297081511 18.31 0.029 0.913 0.043 0.348 0.061 1.34 0.039 1.0 1
"Gaia EDR3 5599871342285140480" 0.003679 -0.093776 116.20503000061 -28.466808748 0.315655 0.0324 -1.865 0.026 1.68 0.031 15.978551 0.002781 0.838196 0.005408664345288955 16.113 0.034 0.453 0.042 0.313 0.039 0.898 0.04 1.0 1
"Gaia EDR3 5599919823877883648" -0.039215 0.025579 116.15628739824 -28.3474467804 0.351582 0.0344 -1.787 0.028 1.734 0.033 16.013268 0.002782 0.993443 0.0056172887588230675 16.152 0.021 0.629 0.035 0.348 0.039 0.927 0.037 1.0 1
"Gaia EDR3 5599919789518161024" -0.042622 0.005861 116.15240699714 -28.36716347067 0.19301800000000002 0.0666 -1.824 0.053 1.749 0.062 17.189543 0.002838 1.261496 0.009658211532162671 17.46 0.025 0.819 0.039 0.436 0.05 1.232 0.034 1.0 1
"Gaia EDR3 5599919480280905344" -0.049584 -0.015422 116.14448329146 -28.38844316584 0.338204 0.0413 -1.774 0.036 1.732 0.041 16.29827 0.002789 1.020596 0.006717812515990603 16.467 0.024 0.651 0.035 0.421 0.039 0.995 0.033 1.0 1
"Gaia EDR3 5599913432966640256" -0.085769 -0.060495 116.10331109171 -28.43349278539 0.198673 0.0358 -1.814 0.029 1.748 0.035 16.058712 0.002784 0.94138 0.0055071557995030425 16.17 0.022 0.596 0.029 0.306 0.041 0.933 0.034 0.99 1
"Gaia EDR3 5599919789518162816" -0.04331 0.004465 116.15162444829 -28.36855913035 0.31361 0.0286 -1.763 0.024 1.793 0.027 15.52749 0.002773 0.915617 0.005451330112917397 15.686 0.022 0.531 0.034 0.207 0.034 0.923 0.035 1.0 1
"Gaia EDR3 5599918690006518272" -0.008859 -0.029976 116.19077375949 -28.40300906267 0.35022400000000004 0.0292 -1.882 0.023 1.784 0.029 15.608408 0.002774 0.932649 0.005917036842880058 15.778 0.025 0.548 0.032 0.311 0.031 0.952 0.033 1.0 1
"Gaia EDR3 5599919785213027840" -0.050935 0.009389 116.14296166884 -28.36363191447 0.23833500000000002 0.1231 -1.906 0.1 1.724 0.117 18.220047 0.003046 1.577919 0.020191825326106604 18.682 0.035 1.096 0.056 0.464 0.081 1.579 0.043 1.0 1
"Gaia EDR3 5599919926957083136" -0.007827 -0.002185 116.19194942277 -28.37521807738 0.20426699999999998 0.0393 -1.825 0.034 1.791 0.04 16.2546 0.002786 0.915463 0.005811251500322457 16.366 0.019 0.592 0.027 0.411 0.032 0.849 0.027 1.0 1
"Gaia EDR3 5599911886778442368" -0.075734 -0.128074 116.11466721931 -28.50108007027 0.246484 0.0222 -1.765 0.018 1.785 0.022 15.112428 0.002768 0.862989 0.004963515689508798 15.233 0.032 0.446 0.041 0.155 0.036 0.902 0.043 0.99 1
"Gaia EDR3 5599919583359725696" -0.035981 0.002908 116.15995248269 -28.37011840159 0.299209 0.0315 -1.747 0.027 1.762 0.031 15.846608 0.002781 0.913191 0.00542106161189854 15.99 0.023 0.578 0.033 0.28 0.035 0.879 0.033 1.0 1
"Gaia EDR3 5599913810923752320" -0.09782 -0.02298 116.08964555569 -28.39596801134 0.358152 0.0701 -1.828 0.056 1.713 0.068 17.431818 0.002852 1.346357 0.00962321547093278 17.758 0.025 0.841 0.036 0.315 0.046 1.372 0.036 0.99 1
"Gaia EDR3 5599913639126024064" -0.099635 -0.047854 116.08755620227 -28.42084034655 0.33897499999999997 0.1049 -1.836 0.082 1.812 0.1 18.079777 0.002962 1.348867 0.01781258636470291 18.381 0.028 0.903 0.043 0.236 0.065 1.367 0.04 0.99 1
"Gaia EDR3 5599918861799666560" 0.037911 -0.023453 116.24394189934 -28.39647883121 0.221267 0.0966 -1.897 0.076 1.716 0.096 17.882769 0.00293 1.418795 0.014574541399303101 18.273 0.032 0.919 0.043 0.402 0.063 1.413 0.04 1.0 1
"Gaia EDR3 5599913845283472384" -0.084846 -0.009642 116.10440663755 -28.38264136931 0.291009 0.0748 -1.913 0.059 1.792 0.069 17.51757 0.002868 1.309627 0.014892357939560813 17.805 0.025 0.892 0.041 0.29 0.051 1.303 0.037 1.0 1
"Gaia EDR3 5599871926400686336" 0.053798 -0.036139 116.26200856734 -28.40915787065 0.284096 0.0666 -1.742 0.057 1.756 0.065 17.275091 0.002847 1.250687 0.009731113194285636 17.583 0.027 0.83 0.037 0.338 0.05 1.227 0.035 1.0 1
"Gaia EDR3 5599923740882534400" -0.048363 0.119385 116.14594100551 -28.25363659117 0.19775 0.0605 -1.831 0.052 1.706 0.062 17.12705 0.002833 1.258789 0.010518811529825981 17.435 0.016 0.807 0.027 0.417 0.041 1.21 0.026 0.99 1
"Gaia EDR3 5599920064396006784" 0.006115 0.025606 116.20779350702 -28.34742638723 0.275619 0.0597 -1.797 0.049 1.836 0.06 17.046497 0.002832 1.251738 0.008898991459710476 17.281 0.023 0.809 0.035 0.484 0.041 1.176 0.031 1.0 1
"Gaia EDR3 5599919961316803584" -0.001363 0.018194 116.1992967284 -28.35483908621 0.363041 0.0695 -1.855 0.058 1.777 0.066 17.31805 0.002861 1.302239 0.01167973099005281 17.606 0.026 0.849 0.034 0.46 0.041 1.255 0.032 1.0 1
"Gaia EDR3 5599923672168542208" -0.040167 0.095864 116.15523598062 -28.27716141007 0.255845 0.0404 -1.836 0.034 1.661 0.039 16.393162 0.002794 1.054188 0.006984756545506793 16.598 0.018 0.661 0.029 0.412 0.041 1.013 0.028 0.99 1
"Gaia EDR3 5599912642692634624" -0.050754 -0.081272 116.14311784885 -28.45429327791 0.36658399999999997 0.0953 -1.816 0.078 1.765 0.091 17.868889 0.002906 1.263952 0.014630945013908022 18.134 0.034 0.86 0.046 0.275 0.051 1.323 0.043 0.99 1
"Gaia EDR3 5599918655646800512" -0.028536 -0.030973 116.16840419641 -28.40400228585 0.19946899999999998 0.0789 -1.888 0.063 1.764 0.075 17.532522 0.002878 1.408173 0.010487608306949682 17.905 0.032 0.901 0.045 0.404 0.052 1.436 0.04 1.0 1
"Gaia EDR3 5599920785950460416" 0.057237 0.045716 116.26586902206 -28.32730136711 0.19142 0.0825 -1.794 0.067 1.727 0.079 17.559822 0.002879 1.34248 0.013038819655168178 17.858 0.024 0.858 0.034 0.48 0.048 1.273 0.03 0.99 1
"Gaia EDR3 5599921743718403072" 0.065102 0.085315 116.27477662134 -28.28769836684 0.201388 0.1545 -1.768 0.121 1.747 0.151 18.621216 0.003195 1.498012 0.02792738029246567 19.035 0.037 1.053 0.051 0.525 0.072 1.482 0.039 0.99 1
"Gaia EDR3 5599919171042825984" 0.003695 0.000763 116.20504410656 -28.3722698919 0.341827 0.0901 -1.898 0.074 1.719 0.09 17.641287 0.002944 1.341486 0.011366994765548193 17.938 0.027 0.929 0.037 0.393 0.055 1.277 0.035 1.0 1
"Gaia EDR3 5599919136683069184" 0.022221 -0.000774 116.22610038035 -28.37380423363 0.24898900000000002 0.0437 -1.834 0.037 1.844 0.043 16.453995 0.002795 1.076576 0.006850509032181477 16.676 0.023 0.644 0.032 0.482 0.04 1.026 0.032 1.0 1
"Gaia EDR3 5599919995676564224" -0.019028 0.009276 116.17922110582 -28.36375541554 0.32892099999999996 0.0849 -1.764 0.072 1.8 0.084 17.58088 0.002891 1.344429 0.012905468065901367 17.867 0.032 0.885 0.043 0.341 0.053 1.278 0.039 1.0 1
"Gaia EDR3 5599919514640642304" -0.032206 -0.008676 116.16423920463 -28.38170412322 0.229535 0.0471 -1.762 0.037 1.701 0.046 16.47587 0.0028 1.333322 0.006689239717636078 16.775 0.024 0.886 0.034 0.44 0.038 1.263 0.031 1.0 1
"Gaia EDR3 5599918758727015296" -0.016074 -0.028124 116.18257155678 -28.40115616033 0.352373 0.0868 -1.781 0.067 1.716 0.084 17.590279 0.002923 1.421267 0.02384586138096085 17.926 0.031 0.913 0.043 0.383 0.058 1.494 0.034 1.0 1
"Gaia EDR3 5599920236194708352" -0.011279 0.038983 116.18803079144 -28.3340491174 0.28252900000000003 0.0595 -1.735 0.048 1.727 0.056 17.077885 0.002834 1.21167 0.010074265878961108 17.311 0.027 0.788 0.037 0.431 0.04 1.167 0.035 1.0 1
"Gaia EDR3 5599871612859546752" 0.0606 -0.058091 116.2697564637 -28.431106172 0.35332600000000003 0.1792 -1.82 0.146 1.811 0.171 18.836987 0.003272 1.52075 0.031841453484412426 19.211 0.036 1.057 0.059 0.536 0.121 1.457 0.044 0.99 1
"Gaia EDR3 5599918380768882944" -0.00878 -0.046437 116.19086170746 -28.41947005949 0.25530400000000003 0.0368 -1.765 0.03 1.678 0.035 16.195059 0.002782 1.134464 0.006050742846956891 16.425 0.022 0.73 0.032 0.451 0.041 1.102 0.027 1.0 1
"Gaia EDR3 5599918479542764544" 0.008432 -0.047279 116.21043215675 -28.42031209879 0.314774 0.0777 -1.769 0.062 1.679 0.075 17.496063 0.002881 1.292175 0.014189667015120545 17.778 0.036 0.844 0.046 0.342 0.055 1.257 0.042 1.0 1
"Gaia EDR3 5599918380768889216" -0.010276 -0.053915 116.18916030377 -28.4269472274 0.330444 0.0503 -1.919 0.04 1.78 0.047 16.777237 0.002809 1.083706 0.00737536331308499 16.996 0.025 0.686 0.035 0.349 0.044 1.085 0.032 1.0 1
"Gaia EDR3 5599865088813034880" 0.01234 -0.146701 116.21488892618 -28.51973336648 0.363753 0.0553 -1.818 0.048 1.692 0.056 16.874918 0.002823 1.071575 0.008170546248568698 17.03 0.042 0.643 0.054 0.328 0.05 1.099 0.045 0.99 1
"Gaia EDR3 5599864573416999808" -0.015839 -0.17443 116.18281430098 -28.54746202114 0.346771 0.0306 -1.837 0.026 1.663 0.03 15.686758 0.002774 0.959405 0.005334974133020703 15.821 0.031 0.546 0.044 0.272 0.044 0.975 0.039 0.99 1
"Gaia EDR3 5599912711412115072" -0.058526 -0.072869 116.13428290761 -28.44588607075 0.216721 0.0741 -1.912 0.058 1.798 0.069 17.417778 0.002867 1.224064 0.011673315381672851 17.678 0.032 0.76 0.042 0.262 0.049 1.272 0.041 0.99 1
"Gaia EDR3 5599918415123230336" 0.01054 -0.062779 116.21283179571 -28.43581131102 0.19861800000000002 0.1385 -1.911 0.108 1.781 0.135 18.446068 0.003089 1.449074 0.03374137344566756 18.737 0.037 1.027 0.056 0.212 0.075 1.385 0.045 1.0 1
"Gaia EDR3 5599865462466173184" -0.012965 -0.100644 116.18609665475 -28.47367630007 0.374834 0.1293 -1.794 0.104 1.725 0.119 18.369375 0.003064 1.450502 0.02062320016389309 18.698 0.047 0.911 0.059 0.403 0.066 1.49 0.054 0.99 1
"Gaia EDR3 5599918994938984704" 0.052224 -0.001662 116.2602003299 -28.37468235171 0.274065 0.0725 -1.917 0.058 1.824 0.071 17.359604 0.00285 1.283758 0.010111564320123766 17.699 0.024 0.782 0.035 0.381 0.044 1.263 0.032 1.0 1
"Gaia EDR3 5599919789512836608" -0.049399 0.009557 116.1447068663 -28.36346436064 0.315027 0.2051 -1.829 0.155 1.855 0.184 19.000744 0.003488 1.691811 0.05862950861127868 19.389 0.041 1.298 0.074 0.159 0.114 1.519 0.054 1.0 1
"Gaia EDR3 5599918621287079424" -0.035976 -0.049063 116.15993828311 -28.42208983874 0.349064 0.0527 -1.807 0.043 1.667 0.051 16.897285 0.002812 1.106859 0.0066760146794326335 17.12 0.023 0.703 0.034 0.421 0.047 1.141 0.031 1.0 1
"Gaia EDR3 5599918960579218048" 0.043651 -0.012106 116.25046174968 -28.38512968201 0.30488000000000004 0.1052 -1.725 0.085 1.737 0.103 18.057419 0.002984 1.472448 0.022227923002385984 18.452 0.029 0.937 0.042 0.448 0.072 1.374 0.038 1.0 1
"Gaia EDR3 5599920438048296576" -0.015686 0.070593 116.1830296103 -28.302439022 0.35600699999999996 0.0674 -1.764 0.054 1.706 0.067 17.314192 0.002845 1.229227 0.011635713987547133 17.551 0.024 0.799 0.036 0.367 0.041 1.175 0.031 0.99 1
"Gaia EDR3 5599916692836438912" -0.128765 -0.021563 116.05447019813 -28.39451814469 0.367901 0.0602 -1.831 0.048 1.822 0.058 17.158901 0.002838 1.204456 0.00839868067020053 17.425 0.024 0.751 0.033 0.282 0.04 1.224 0.034 0.99 1
"Gaia EDR3 5599918483848083200" 0.002602 -0.042921 116.20380346427 -28.4159541559 0.28845299999999996 0.0409 -1.785 0.033 1.855 0.04 16.24828 0.002786 1.037681 0.006880152396567972 16.456 0.027 0.642 0.038 0.335 0.043 1.002 0.032 1.0 1
"Gaia EDR3 5599919548999978496" -0.023489 -0.004513 116.17414773424 -28.37754312014 0.264648 0.0513 -1.773 0.042 1.654 0.049 16.643263 0.002815 1.116116 0.007705420559580119 16.842 0.025 0.715 0.035 0.413 0.039 1.06 0.032 1.0 1
"Gaia EDR3 5599871303621762560" 0.021692 -0.087467 116.22551929762 -28.46049741462 0.33562400000000003 0.0847 -1.92 0.067 1.702 0.088 17.72159 0.002893 1.443853 0.01272732984565105 18.036 0.035 0.994 0.047 0.441 0.063 1.407 0.041 1.0 1
"Gaia EDR3 5599918724366238080" 0.006058 -0.022986 116.20773178745 -28.39601859622 0.229161 0.0271 -1.844 0.024 1.651 0.028 15.524052 0.002773 0.963876 0.005134695025023395 15.74 0.02 0.544 0.028 0.313 0.034 0.984 0.028 1.0 1
"Gaia EDR3 5599918449488324608" 0.021945 -0.040695 116.22579548223 -28.41372609732 0.261138 0.0526 -1.784 0.044 1.646 0.055 16.83342 0.002808 1.134466 0.006993581128434845 17.083 0.028 0.73 0.037 0.341 0.047 1.112 0.034 1.0 1
"Gaia EDR3 5599918861805165184" 0.03257 -0.023744 116.23787055429 -28.3967718455 0.374913 0.0511 -1.9 0.043 1.751 0.051 16.785414 0.002821 1.146851 0.008014716713646217 17.013 0.026 0.767 0.034 0.429 0.046 1.102 0.033 1.0 1
"Gaia EDR3 5599924355058568960" -0.077761 0.099004 116.11255035606 -28.27400035841 0.20757499999999998 0.1006 -1.774 0.083 1.675 0.096 18.080029 0.002943 1.555683 0.01728173998762856 18.512 0.022 1.072 0.037 0.349 0.059 1.466 0.032 0.99 1
"Gaia EDR3 5599923947046515840" -0.093201 0.075459 116.09499544458 -28.29753314235 0.18135600000000002 0.1519 -1.796 0.124 1.815 0.149 18.62566 0.003128 1.511614 0.034218143739834866 19.031 0.025 1.036 0.042 0.353 0.082 1.424 0.034 0.99 1
"Gaia EDR3 5599921674998881408" 0.035796 0.072407 116.24150124092 -28.30062021487 0.29896100000000003 0.2997 -1.72 0.239 1.76 0.263 19.427889 0.00386 1.46542 0.05018769404943805 19.833 0.041 1.143 0.062 "" "" 1.554 0.044 0.99 1
"Gaia EDR3 5599919823877877760" -0.029941 0.018804 116.1668222478 -28.35422473646 0.33919299999999997 0.0506 -1.895 0.042 1.667 0.048 16.735533 0.002818 1.138062 0.006956652355838978 16.933 0.023 0.738 0.038 0.421 0.042 1.086 0.033 1.0 1
"Gaia EDR3 5599870792529516160" 0.077947 -0.09664 116.28951503206 -28.4696447364 0.21656399999999998 0.0496 -1.933 0.039 1.784 0.049 16.761059 0.002813 1.14996 0.0069582627860695235 16.965 0.034 0.77 0.047 0.335 0.048 1.133 0.037 0.99 1
"Gaia EDR3 5599918827445425920" 0.039423 -0.034797 116.24566552237 -28.40782282371 0.240035 0.1833 -1.95 0.147 1.766 0.179 18.879118 0.003446 1.786547 0.03685411673069916 19.41 0.042 1.329 0.061 "" "" 1.739 0.048 1.0 1
"Gaia EDR3 5599920785950950528" 0.057386 0.041897 116.26604033248 -28.33112053607 0.265907 0.1014 -1.713 0.083 1.724 0.097 17.827269 0.002928 1.493301 0.016000548990581544 18.213 0.023 0.978 0.034 0.547 0.052 1.46 0.03 0.99 1
"Gaia EDR3 5599918964880656768" 0.050651 -0.00436 116.25841337981 -28.37738055789 0.300084 0.2829 -1.844 0.224 1.869 0.27 19.45946 0.003865 1.55101 0.04926442039646869 19.865 0.048 1.014 0.073 0.663 0.131 1.471 0.057 1.0 1
"Gaia EDR3 5599919411561048960" -0.037667 -0.020669 116.15802707782 -28.39369514813 0.334786 0.029 -1.854 0.024 1.638 0.029 15.597415 0.002773 1.002084 0.005462029384761675 15.778 0.02 0.624 0.03 0.353 0.033 0.989 0.029 1.0 1
"Gaia EDR3 5599919342841941888" 0.034154 0.030598 116.23965059699 -28.34242905562 0.297463 0.0419 -1.71 0.035 1.76 0.045 16.247206 0.002791 1.043751 0.006682872511128729 16.42 0.017 0.614 0.024 0.604 0.032 0.984 0.026 1.0 1
"Gaia EDR3 5599918415128603520" 0.009386 -0.050075 116.21151772598 -28.42310758413 0.384247 0.1343 -1.779 0.105 1.782 0.128 18.304646 0.00303 1.48102 0.02188977270325117 18.672 0.037 0.987 0.05 0.303 0.074 1.407 0.045 1.0 1
"Gaia EDR3 5599918823140178688" 0.028652 -0.030003 116.23341770928 -28.40303226573 0.344117 0.1954 -1.938 0.154 1.748 0.184 18.93406 0.003383 1.699717 0.0317253077684047 19.413 0.037 1.194 0.056 0.723 0.146 1.683 0.045 1.0 1
"Gaia EDR3 5599911882472513920" -0.077207 -0.136062 116.11298437833 -28.5090665791 0.341407 0.1285 -1.724 0.107 1.77 0.12 18.414904 0.003081 1.398405 0.024341827149990197 18.744 0.043 0.892 0.058 0.333 0.07 1.459 0.056 0.99 1
"Gaia EDR3 5599913806618407808" -0.096368 -0.0241 116.09129497018 -28.39708909778 0.221588 0.0814 -1.753 0.064 1.664 0.087 17.661633 0.002876 1.382194 0.01036444576424615 18.003 0.027 0.891 0.039 0.312 0.054 1.404 0.038 0.99 1
"Gaia EDR3 5599923122412788864" -0.079619 0.060323 116.11040720337 -28.31267974401 0.382786 0.0349 -1.751 0.029 1.73 0.033 16.037 0.002781 0.966569 0.005529341823399961 16.192 0.021 0.632 0.032 0.277 0.033 0.9 0.032 0.99 1
"Gaia EDR3 5599918513902536576" 0.016891 -0.032194 116.22004855837 -28.40522577012 0.352542 0.1168 -1.728 0.094 1.767 0.114 18.211218 0.003011 1.485571 0.021345045443849492 18.574 0.033 1.021 0.046 0.393 0.074 1.432 0.038 1.0 1
"Gaia EDR3 5599912260429778304" -0.030174 -0.110269 116.16651574574 -28.48329788785 0.226817 0.0386 -1.72 0.03 1.709 0.037 16.198866 0.002786 1.004165 0.005782971986790184 16.331 0.029 0.601 0.037 0.357 0.038 1.012 0.036 0.99 1
"Gaia EDR3 5599919475975256320" -0.049073 -0.018153 116.14506255678 -28.39117511883 0.178209 0.1425 -1.744 0.124 1.774 0.135 18.368977 0.003081 1.463289 0.01763222254850477 18.687 0.037 1.043 0.054 0.448 0.08 1.433 0.044 1.0 1
"Gaia EDR3 5599920614151757184" 0.082765 0.029705 116.29488418176 -28.34329556683 0.265858 0.042 -1.745 0.035 1.85 0.041 16.476122 0.002791 1.174629 0.006046415136260494 16.69 0.021 0.76 0.031 0.568 0.046 1.114 0.029 0.99 1
"Gaia EDR3 5599913840978232576" -0.086708 -0.004984 116.1022949806 -28.37798164795 0.328919 0.0516 -1.817 0.041 1.626 0.051 16.830332 0.002815 1.093727 0.00726010977878434 17.024 0.026 0.747 0.039 0.399 0.043 1.062 0.034 1.0 1
"Gaia EDR3 5599919579054550912" -0.032468 0.00064 116.16394449225 -28.37238849939 0.145023 0.0736 -1.858 0.062 1.723 0.071 17.40621 0.00289 1.307186 0.009575798347918569 17.691 0.026 0.848 0.038 0.367 0.047 1.258 0.034 1.0 1
"Gaia EDR3 5599919235457198976" 0.022534 0.008632 116.22645373757 -28.3643985445 0.176819 0.1229 -1.92 0.097 1.796 0.117 18.156216 0.003002 1.476274 0.01652233594259601 18.566 0.029 0.966 0.038 0.5 0.062 1.435 0.037 1.0 1
"Gaia EDR3 5599919789518162688" -0.04218 0.002442 116.1529073875 -28.37058223628 0.411251 0.0605 -1.803 0.05 1.779 0.055 17.00258 0.002837 1.16263 0.009472431683575238 17.24 0.027 0.74 0.04 0.483 0.047 1.116 0.036 1.0 1
"Gaia EDR3 5599919205403594880" 0.020495 0.007233 116.22413635821 -28.36579810902 0.349286 0.0584 -1.861 0.048 1.866 0.057 16.530443 0.002874 1.255337 0.030859628578451814 16.792 0.024 0.815 0.037 0.456 0.049 1.193 0.032 1.0 1
"Gaia EDR3 5599919372895954432" -0.049898 -0.040701 116.14411288681 -28.41372219464 0.146916 0.0796 -1.816 0.064 1.696 0.077 17.640789 0.002879 1.411667 0.011320634081181141 17.976 0.026 0.995 0.042 0.334 0.065 1.404 0.035 0.99 1
"Gaia EDR3 5599871445354352000" 0.035405 -0.062054 116.24110768367 -28.43508092585 0.4061 0.1159 -1.795 0.091 1.787 0.111 18.23455 0.002991 1.448191 0.023343975025689176 18.585 0.04 0.91 0.055 0.307 0.073 1.531 0.043 0.99 1
"Gaia EDR3 5599871376634885248" 0.012467 -0.084866 116.21502619301 -28.45789827063 0.337021 0.1256 -1.895 0.097 1.862 0.129 18.351654 0.003051 1.446228 0.022977164946964192 18.62 0.04 1.002 0.057 0.37 0.083 1.379 0.048 1.0 1
"Gaia EDR3 5599919171042835328" -0.004665 -0.000884 116.19554329936 -28.37391655113 0.14410900000000001 0.0915 -1.89 0.075 1.769 0.086 17.618587 0.002943 1.29101 0.024254982271690078 17.91 0.024 0.869 0.036 0.289 0.051 1.287 0.033 1.0 1
"Gaia EDR3 5599871892040949632" 0.032106 -0.043773 116.23734915643 -28.41680083919 0.29206299999999996 0.0343 -1.919 0.029 1.637 0.034 16.012043 0.002783 0.926933 0.005888292197233421 16.193 0.024 0.57 0.032 0.272 0.036 0.911 0.03 1.0 1
"Gaia EDR3 5599919617719453824" -0.027931 0.004783 116.16910259739 -28.3682461019 0.239578 0.0742 -1.726 0.063 1.662 0.072 17.363337 0.002874 1.341108 0.011071135126986754 17.661 0.029 0.877 0.041 0.386 0.043 1.278 0.036 1.0 1
"Gaia EDR3 5599923255546828928" -0.035387 0.066878 116.16065174074 -28.30614933437 0.416166 0.119 -1.825 0.095 1.779 0.11 18.270508 0.003024 1.38298 0.02423945900798943 18.608 0.031 0.971 0.044 0.375 0.052 1.358 0.039 0.99 1
"Gaia EDR3 5599919548999967616" -0.014566 -0.002735 116.18428968599 -28.37576673004 0.238761 0.0221 -1.703 0.019 1.796 0.022 14.869709 0.002766 0.839059 0.004944088389177524 14.976 0.022 0.498 0.029 0.17 0.027 0.804 0.034 1.0 1
"Gaia EDR3 5599919548999968896" -0.014922 -0.005044 116.18388463635 -28.37807557603 0.285364 0.0449 -1.837 0.038 1.605 0.044 16.452534 0.002804 1.098755 0.006558330580262023 16.658 0.021 0.683 0.03 0.393 0.035 1.054 0.031 1.0 1
"Gaia EDR3 5599871857671205632" 0.054374 -0.044719 116.26266940814 -28.41773785774 0.370939 0.1651 -1.849 0.134 1.643 0.158 18.72551 0.003266 1.442549 0.04554626414976315 19.142 0.045 1.024 0.064 0.461 0.113 1.516 0.05 1.0 1
"Gaia EDR3 5599919926951630336" -0.006102 0.011219 116.19391042034 -28.36181366859 0.256385 0.097 -1.692 0.081 1.715 0.092 17.87083 0.002937 1.37171 0.017253716498192496 18.204 0.032 0.891 0.042 0.386 0.049 1.337 0.038 1.0 1
