EDR3Name _x _y RA_ICRS DE_ICRS Plx e_Plx pmRA e_pmRA pmDE e_pmDE Gmag e_Gmag BP-RP e_BP-RP V eV BV eBV UB eUB VI eVI probs_final membs_select
"Gaia EDR3 5601925985922333312" -0.05114 -0.058362 118.38714354747 -27.01321699431 0.27098 0.0277 -2.594 0.024 3.552 0.028 15.711987 0.002775 0.635229 0.005274235963625443 15.772 0.023 0.389 0.029 0.223 0.029 0.951 0.032 0.99 1
"Gaia EDR3 5601172751738424448" -0.016751 -0.13977 118.42572912833 -27.09463582343 0.251864 0.0382 -2.603 0.03 3.556 0.038 16.219152 0.002788 0.746881 0.005896536017018806 16.248 0.024 0.474 0.03 0.258 0.029 1.078 0.032 0.99 1
"Gaia EDR3 5601927635189754112" -0.055957 0.023502 118.38178134824 -26.93135137945 0.247603 0.0432 -2.601 0.033 3.549 0.042 16.560963 0.002796 0.820837 0.006111397957914376 16.755 0.029 0.461 0.036 0.292 0.032 1.11 0.037 0.99 1
"Gaia EDR3 5601175771085747072" 0.035679 -0.031064 118.48458433803 -26.98592549316 0.239048 0.1173 -2.578 0.084 3.565 0.135 18.139517 0.002935 1.168764 0.021633672942891598 18.471 0.032 0.672 0.038 0.228 0.047 1.474 0.038 0.99 1
"Gaia EDR3 5601926673117061888" 0.004963 -0.002946 118.45011327374 -26.95781241555 0.25445 0.0217 -2.612 0.018 3.575 0.022 15.127363 0.002769 0.634769 0.004925843785586384 15.298 0.046 0.236 0.05 0.269 0.026 0.979 0.049 0.99 1
"Gaia EDR3 5601175947194015360" 0.004223 -0.016411 118.44928401153 -26.9712775046 0.27967200000000003 0.0236 -2.572 0.02 3.572 0.024 15.277262 0.002772 0.538097 0.005224040007503771 15.439 0.032 0.165 0.036 0.221 0.025 0.898 0.036 0.99 1
"Gaia EDR3 5601175775395305728" 0.033566 -0.032946 118.48221313327 -26.98780825847 0.27004 0.0121 -2.564 0.01 3.559 0.013 13.154625 0.002765 0.485936 0.004735228399982413 13.275 0.028 0.18 0.033 0.011 0.024 0.84 0.033 0.99 1
"Gaia EDR3 5601172957896915456" -0.068758 -0.163414 118.36729576634 -27.11825993437 0.27309700000000003 0.0601 -2.62 0.048 3.547 0.06 17.151476 0.003058 1.04793 0.010548208947494357 17.305 0.033 0.686 0.039 0.267 0.04 1.385 0.042 0.98 1
"Gaia EDR3 5601173816890316160" -0.0469 -0.092161 118.39188683669 -27.04701820549 0.26746 0.0129 -2.579 0.011 3.593 0.013 13.807782 0.002764 0.540614 0.004768001677852054 13.857 0.027 0.278 0.034 -0.029 0.027 0.933 0.036 0.99 1
"Gaia EDR3 5601926673117062272" 0.00696 -0.00731 118.45235392326 -26.9621767663 0.260397 0.0353 -2.607 0.028 3.526 0.035 16.151247 0.002785 0.697213 0.005512532358181673 16.32 0.029 0.304 0.033 0.39 0.029 0.998 0.031 0.99 1
"Gaia EDR3 5601175500517456384" -0.022199 -0.04427 118.41963113306 -26.99913438123 0.27061399999999997 0.0382 -2.632 0.032 3.565 0.038 16.304855 0.002787 0.747445 0.006199684266154205 16.43 0.024 0.415 0.03 0.299 0.028 1.049 0.03 1.0 1
"Gaia EDR3 5601175225639541504" -0.001749 -0.064732 118.4425823179 -27.01959880828 0.290186 0.0584 -2.577 0.049 3.579 0.06 17.077236 0.002821 1.03655 0.007701038890954907 17.299 0.027 0.637 0.034 0.322 0.036 1.33 0.031 1.0 1
"Gaia EDR3 5601175053840856960" 0.004107 -0.089017 118.44915641578 -27.0438836925 0.26833 0.0159 -2.564 0.013 3.591 0.017 14.210845 0.002763 0.701407 0.004795400504650263 14.313 0.027 0.369 0.036 0.092 0.03 "" "" 0.99 1
"Gaia EDR3 5601926844915762048" -0.021957 0.00381 118.41991386169 -26.95105499289 0.277868 0.0246 -2.59 0.019 3.604 0.025 15.338994 0.002771 0.522824 0.005062769202719001 15.452 0.019 0.195 0.025 0.195 0.028 0.881 0.026 0.99 1
"Gaia EDR3 5601175363078525952" -0.040351 -0.063253 118.39925112578 -27.01811272938 0.256111 0.0373 -2.633 0.031 3.585 0.038 16.274467 0.002787 0.763651 0.00612403870007367 16.35 0.024 0.486 0.031 0.33 0.032 1.05 0.031 1.0 1
"Gaia EDR3 5601926192080752128" -0.038812 -0.03511 118.40098968555 -26.98997024915 0.27814099999999997 0.0251 -2.603 0.021 3.606 0.025 15.418455 0.00277 0.773531 0.005225269849491029 15.533 0.019 0.457 0.026 0.303 0.029 1.065 0.029 1.0 1
"Gaia EDR3 5601175466158324608" -0.004291 -0.049774 118.43972978719 -27.00464111712 0.25495 0.0647 -2.643 0.054 3.563 0.066 17.304245 0.002825 1.07144 0.008419510496459993 17.537 0.027 0.675 0.035 0.188 0.037 1.375 0.032 1.0 1
"Gaia EDR3 5601926020282068864" -0.04236 -0.060154 118.3969972933 -27.01501250252 0.276443 0.011 -2.547 0.009 3.574 0.011 13.07606 0.002765 0.607409 0.004745010537396097 13.167 0.027 0.306 0.034 0.047 0.029 "" "" 0.99 1
"Gaia EDR3 5601176050273215104" 0.015907 -0.007659 118.46239202911 -26.96252450493 0.261984 0.031 -2.587 0.025 3.617 0.032 15.884339 0.00278 0.664599 0.00527946095733267 16.057 0.025 0.257 0.029 0.374 0.028 1.001 0.028 0.99 1
"Gaia EDR3 5601175122560337152" -0.006624 -0.078647 118.43710935009 -27.03351392504 0.293455 0.0265 -2.562 0.023 3.601 0.028 15.639576 0.00277 0.892364 0.005236324378798549 15.782 0.024 0.527 0.031 0.284 0.03 1.208 0.03 0.99 1
"Gaia EDR3 5601171102470914688" 0.064212 -0.136082 118.51667078981 -27.09093061058 0.275031 0.0316 -2.618 0.024 3.614 0.034 15.619433 0.002774 0.886801 0.005234819672156817 15.72 0.023 0.557 0.034 0.305 0.036 1.191 0.038 0.98 1
"Gaia EDR3 5601174572804456960" 0.066114 -0.078554 118.51876883762 -27.03340121811 0.283665 0.0764 -2.622 0.057 3.607 0.085 17.466654 0.002863 1.193453 0.00981427190371247 17.737 0.03 0.732 0.04 0.275 0.04 1.508 0.035 0.99 1
"Gaia EDR3 5601175947194008320" 0.016079 -0.022213 118.46258771913 -26.9770782482 0.286416 0.0682 -2.621 0.056 3.517 0.073 17.43369 0.00284 1.018475 0.011329368737930634 17.714 0.03 0.554 0.035 0.193 0.034 1.331 0.033 0.99 1
"Gaia EDR3 5601175191279790720" 0.015126 -0.069451 118.46152604279 -27.02431706166 0.256675 0.0211 -2.637 0.018 3.603 0.022 14.815953 0.00277 0.606895 0.005009230280192756 14.911 0.028 0.297 0.037 0.11 0.031 0.968 0.031 0.99 1
"Gaia EDR3 5601930796285249920" -0.127539 0.061465 118.30154030689 -26.89333021539 0.24894500000000003 0.0335 -2.546 0.026 3.527 0.034 16.085184 0.002786 0.631034 0.0058837747237636484 16.162 0.015 0.409 0.019 0.142 0.02 0.843 0.021 0.98 1
"Gaia EDR3 5601926501318392960" -0.049362 -0.003969 118.38916579318 -26.95882530664 0.22505 0.0294 -2.618 0.025 3.6 0.03 15.894585 0.002775 0.768333 0.0051323438115543265 16.018 0.023 0.43 0.031 0.231 0.029 1.019 0.029 0.99 1
"Gaia EDR3 5601175947194019584" 0.002991 -0.023103 118.44790187837 -26.97796985608 0.309977 0.0245 -2.592 0.02 3.609 0.025 15.320688 0.002774 0.524595 0.005059902469415789 15.462 0.023 0.187 0.027 0.188 0.024 0.881 0.025 0.99 1
"Gaia EDR3 5601175878474530816" 0.018429 -0.02482 118.46522517856 -26.97968494117 0.23725000000000002 0.0315 -2.634 0.025 3.523 0.033 15.858491 0.002779 0.596011 0.005298320677346739 16.021 0.023 0.237 0.027 0.317 0.028 0.94 0.025 0.99 1
"Gaia EDR3 5601924783317458560" -0.080033 -0.053727 118.35471582137 -27.00856529966 0.19095499999999999 0.0912 -2.595 0.078 3.564 0.094 17.89873 0.002902 1.108456 0.022920534199708346 18.094 0.033 0.743 0.041 0.14 0.044 1.419 0.041 0.99 1
"Gaia EDR3 5601926157721005696" -0.021825 -0.039629 118.42005220007 -26.99449399418 0.250936 0.0503 -2.66 0.042 3.558 0.053 16.869703 0.002814 0.929956 0.006888476246602001 17.025 0.027 0.597 0.034 0.253 0.03 1.223 0.032 1.0 1
"Gaia EDR3 5601172545580022784" -0.029288 -0.173724 118.41163728703 -27.12858695872 0.26364299999999996 0.0744 -2.586 0.056 3.627 0.08 17.45971 0.002849 1.201674 0.013701523199994955 17.598 0.027 0.841 0.035 0.289 0.042 1.487 0.036 0.98 1
"Gaia EDR3 5601950415697666304" 0.044415 0.063424 118.49434566851 -26.89143360601 0.267503 0.0438 -2.587 0.032 3.496 0.047 16.491148 0.00279 1.090231 0.006567554948380714 16.765 0.024 0.626 0.031 0.354 0.037 1.384 0.027 0.98 1
"Gaia EDR3 5601926466958659328" -0.057288 -0.003401 118.38027342665 -26.95825341736 0.217675 0.0398 -2.58 0.033 3.51 0.04 16.47355 0.002791 0.767586 0.006042425423619227 16.643 0.026 0.401 0.034 0.349 0.033 1.109 0.033 0.99 1
"Gaia EDR3 5601172751738432384" -0.025694 -0.139985 118.41568434426 -27.09484849795 0.28772000000000003 0.0472 -2.61 0.037 3.502 0.046 16.64435 0.002795 1.232669 0.00724312266912552 16.873 0.024 0.792 0.031 0.238 0.037 1.573 0.032 0.99 1
"Gaia EDR3 5601175255689648128" 0.010961 -0.065206 118.45684922661 -27.02007203202 0.319755 0.0917 -2.583 0.071 3.533 0.094 17.8348 0.002914 1.153257 0.014137612563654445 18.053 0.034 0.75 0.042 0.129 0.043 1.408 0.037 0.99 1
"Gaia EDR3 5601171136830638208" 0.068864 -0.116589 118.52188269513 -27.07143445917 0.24161200000000002 0.0602 -2.637 0.048 3.619 0.064 17.132082 0.002834 1.121933 0.009756561894438019 17.33 0.026 0.716 0.037 0.329 0.039 1.435 0.033 0.98 1
"Gaia EDR3 5601926295159979008" -0.067613 -0.031037 118.36867125233 -26.98588380993 0.19283 0.0565 -2.559 0.049 3.56 0.06 17.094778 0.002826 0.965052 0.008207671837981828 17.253 0.029 0.608 0.036 0.158 0.035 1.253 0.037 0.99 1
"Gaia EDR3 5601927733959620736" -0.050413 0.051027 118.38801354281 -26.90382846952 0.234183 0.0562 -2.661 0.043 3.587 0.057 17.046606 0.002827 0.947361 0.008237223318570401 17.246 0.024 0.55 0.031 0.165 0.032 1.222 0.032 0.99 1
"Gaia EDR3 5601926123361269504" -0.02954 -0.035946 118.41139451226 -26.99080892801 0.342442 0.0306 -2.615 0.026 3.579 0.031 15.864753 0.002776 0.740898 0.005796524907218117 15.972 0.023 0.416 0.029 0.26 0.029 1.051 0.033 0.99 1
"Gaia EDR3 5601175122551456384" -0.012086 -0.088414 118.4309760415 -27.0432800159 0.253864 0.3749 -2.549 0.282 3.51 0.37 19.965303 0.004404 1.73847 0.07416039495579835 20.566 0.051 1.31 0.099 "" "" 2.239 0.057 0.99 1
"Gaia EDR3 5601198448513430144" 0.075633 -0.032276 118.52942020683 -26.98711739673 0.251567 0.2625 -2.532 0.183 3.515 0.264 19.382465 0.003708 1.566566 0.06277218595046695 19.814 0.042 0.996 0.056 "" "" 1.828 0.053 0.99 1
"Gaia EDR3 5601924611532836864" -0.112149 -0.07821 118.31864108108 -27.03302060088 0.272228 0.0286 -2.519 0.023 3.532 0.03 13.462377 0.002773 0.491934 0.004753801215869254 13.448 0.022 0.283 0.026 -0.026 0.025 0.825 0.04 0.99 1
"Gaia EDR3 5601930555753445248" -0.099953 0.054574 118.33246524188 -26.90024808557 0.217558 0.0815 -2.64 0.063 3.503 0.085 17.732706 0.002888 1.125353 0.029038298314467397 17.951 0.023 0.733 0.029 0.258 0.042 1.396 0.028 0.98 1
"Gaia EDR3 5601926604397599616" -0.023992 -0.01501 118.4176256836 -26.96987382707 0.24804500000000002 0.0639 -2.509 0.053 3.555 0.065 17.376741 0.002834 1.126289 0.009663798269831589 17.648 0.027 0.663 0.034 0.247 0.037 1.425 0.034 0.99 1
"Gaia EDR3 5601175912834291712" 0.001871 -0.038534 118.44664521666 -26.99340040335 0.317908 0.0457 -2.607 0.037 3.625 0.046 16.58671 0.002803 0.882023 0.0067335195106274105 16.783 0.027 0.477 0.032 0.337 0.032 1.173 0.031 0.99 1
"Gaia EDR3 5601928902194953984" -0.142543 0.010728 118.2846457882 -26.94404888066 0.17575400000000002 0.0563 -2.6 0.046 3.593 0.054 16.974375 0.002814 1.182257 0.007226861697860282 17.201 0.019 0.814 0.023 0.168 0.023 1.434 0.025 0.98 1
"Gaia EDR3 5601924371014653312" -0.076896 -0.089014 118.35820990637 -27.04385468069 0.23585899999999999 0.0167 -2.651 0.014 3.625 0.016 14.2933 0.002762 1.694038 0.004799400483393734 14.729 0.03 1.435 0.035 1.297 0.033 1.923 0.04 0.99 1
"Gaia EDR3 5601199273147182848" 0.056846 -0.016585 118.50832959173 -26.97143762598 0.32175 0.1332 -2.63 0.097 3.504 0.143 18.416807 0.003057 1.287714 0.026200154579696662 18.747 0.035 0.779 0.042 0.284 0.045 1.533 0.042 0.99 1
"Gaia EDR3 5601926123361274368" -0.030688 -0.046368 118.41010267009 -27.00123043781 0.290751 0.0597 -2.52 0.051 3.613 0.062 17.241907 0.002827 1.070202 0.009322183703403404 17.418 0.027 0.698 0.035 0.254 0.036 1.336 0.034 0.99 1
"Gaia EDR3 5601175805445486976" 0.050608 -0.025024 118.50133459307 -26.97987971389 0.264935 0.1833 -2.512 0.134 3.615 0.191 18.981798 0.003319 1.386856 0.035275430840742396 19.334 0.036 0.826 0.045 0.362 0.086 1.581 0.044 0.99 1
"Gaia EDR3 5601175706666776832" 0.051123 -0.045604 118.50192267076 -27.00045962768 0.228783 0.0701 -2.54 0.054 3.643 0.076 17.3999 0.002838 1.153278 0.01061507027767598 17.669 0.026 0.657 0.033 0.276 0.037 1.479 0.03 0.99 1
"Gaia EDR3 5601175328709878272" -0.020695 -0.06505 118.42131486212 -27.01991508754 0.221182 0.188 -2.618 0.149 3.658 0.188 19.037605 0.003357 1.570852 0.030561401751228626 19.435 0.041 1.017 0.053 0.365 0.101 1.801 0.048 1.0 1
"Gaia EDR3 5601926363879454208" -0.06942 -0.020291 118.36665049873 -26.97513626469 0.350149 0.0813 -2.617 0.067 3.609 0.084 17.795183 0.002887 1.067684 0.016166412743710338 17.984 0.031 0.668 0.038 0.133 0.042 1.345 0.038 0.99 1
"Gaia EDR3 5601171098161229312" 0.057102 -0.132078 118.50868203016 -27.08693029274 0.230947 0.1021 -2.647 0.082 3.654 0.109 17.9339 0.002958 1.359762 0.016595606316130787 18.23 0.03 0.808 0.043 0.35 0.048 1.667 0.037 0.98 1
"Gaia EDR3 5601175088200614272" -0.021194 -0.086724 118.42074990441 -27.04158893296 0.273686 0.0559 -2.512 0.048 3.493 0.061 17.130985 0.002823 1.316898 0.008519314526415843 17.386 0.027 0.875 0.035 0.283 0.033 1.587 0.032 0.99 1
"Gaia EDR3 5601926497008673024" -0.053816 -0.003853 118.38416904092 -26.95870677983 0.211638 0.131 -2.696 0.104 3.549 0.138 18.562042 0.003121 1.173672 0.024220430136560334 18.798 0.034 0.806 0.046 0.323 0.066 1.458 0.042 0.99 1
"Gaia EDR3 5601173988688973696" 0.023213 -0.133849 118.47061849523 -27.08871314751 0.150194 0.0605 -2.571 0.048 3.576 0.062 17.18388 0.002827 1.140327 0.009574819058342565 17.389 0.028 0.714 0.038 0.42 0.042 1.475 0.036 0.98 1
"Gaia EDR3 5601926192080754560" -0.039997 -0.03839 118.39965847027 -26.99325007371 0.264162 0.0514 -2.577 0.041 3.45 0.05 16.740091 0.002801 0.831957 0.00674872973232741 16.872 0.028 0.485 0.035 0.333 0.036 1.135 0.034 0.99 1
"Gaia EDR3 5601175874164962944" 0.015458 -0.029161 118.46189240617 -26.98402642389 0.328044 0.0532 -2.566 0.043 3.476 0.054 16.9404 0.002817 0.939274 0.007382936069071707 17.191 0.027 0.484 0.031 0.252 0.033 1.253 0.031 0.99 1
"Gaia EDR3 5601175569236892544" 0.027973 -0.056753 118.47594406175 -27.01161677213 0.321629 0.073 -2.541 0.06 3.484 0.074 17.448635 0.002858 1.069515 0.010555557872514365 17.685 0.03 0.636 0.038 0.198 0.04 1.378 0.035 0.99 1
"Gaia EDR3 5601924435424196736" -0.087709 -0.07582 118.34608032948 -27.03065287455 0.243842 0.0571 -2.522 0.045 3.473 0.055 16.924904 0.002825 1.056875 0.007532279469058487 17.096 0.028 0.71 0.033 0.152 0.03 1.368 0.035 0.99 1
"Gaia EDR3 5601173503342924288" -0.025595 -0.127148 118.41579888239 -27.08201144553 0.256993 0.0836 -2.48 0.069 3.547 0.086 17.783161 0.002894 1.201525 0.010989759597006661 17.951 0.028 0.807 0.036 0.207 0.045 1.477 0.035 0.99 1
"Gaia EDR3 5601924469783915648" -0.06224 -0.086107 118.37466675901 -27.04095632176 0.15617099999999998 0.1055 -2.629 0.086 3.615 0.126 18.096426 0.002972 1.161076 0.01870067295580563 18.276 0.032 0.854 0.04 0.154 0.04 1.474 0.039 0.99 1
"Gaia EDR3 5601924577173073152" -0.073646 -0.061033 118.3618786734 -27.01587549567 0.157402 0.0977 -2.658 0.078 3.535 0.103 18.002869 0.002931 1.19388 0.015256360542409845 18.201 0.031 0.793 0.039 0.198 0.046 1.446 0.04 0.99 1
"Gaia EDR3 5601926295159973888" -0.055033 -0.032637 118.38278722892 -26.98749030318 0.28266600000000003 0.0624 -2.693 0.051 3.498 0.064 17.277864 0.002827 1.127344 0.008546347114410928 17.528 0.031 0.719 0.038 0.171 0.042 1.441 0.038 0.99 1
"Gaia EDR3 5601172717369822976" -0.007721 -0.13728 118.43587314175 -27.09214687327 0.17696599999999998 0.0751 -2.542 0.058 3.488 0.076 17.515234 0.002883 1.293331 0.013653881828989146 17.702 0.027 0.842 0.034 0.173 0.04 1.544 0.035 0.99 1
"Gaia EDR3 5601930590126811520" -0.11778 0.060767 118.31248199394 -26.8940384235 0.278972 0.0413 -2.628 0.031 3.446 0.042 16.477757 0.002791 0.885635 0.00604620418113712 16.64 0.019 0.568 0.022 0.078 0.02 1.105 0.023 0.98 1
"Gaia EDR3 5601172678709166720" -0.010243 -0.154166 118.43303876066 -27.10903267396 0.201658 0.2343 -2.49 0.177 3.518 0.23 19.238623 0.003571 1.493744 0.03812609249582233 19.491 0.034 0.985 0.051 0.259 0.09 1.743 0.042 0.98 1
"Gaia EDR3 5601950548825960192" 0.007066 0.063811 118.45246878095 -26.89105594468 0.13493 0.0746 -2.611 0.058 3.566 0.077 17.64838 0.002859 1.046961 0.010980302773603285 17.899 0.025 0.612 0.034 0.207 0.041 1.359 0.027 0.98 1
"Gaia EDR3 5601175255689651200" 0.015886 -0.061905 118.46237728856 -27.01677062211 0.171739 0.0406 -2.585 0.032 3.647 0.041 16.273046 0.002794 0.752162 0.005928107455166446 16.365 0.026 0.476 0.033 0.3 0.035 1.024 0.028 0.99 1
"Gaia EDR3 5601174327976672896" 0.032671 -0.102714 118.48123182597 -27.05757634374 0.312796 0.1288 -2.666 0.103 3.644 0.134 18.390669 0.003098 1.348583 0.022229866958666217 18.672 0.036 0.876 0.049 0.338 0.062 1.633 0.041 0.99 1
"Gaia EDR3 5601175947194021376" 0.00195 -0.023638 118.44673316768 -26.97850448865 0.20575000000000002 0.0462 -2.485 0.035 3.581 0.047 16.558897 0.002797 0.839935 0.006882249922808674 16.775 0.027 0.416 0.031 0.299 0.03 1.168 0.031 0.99 1
"Gaia EDR3 5601927665240075008" -0.04072 0.03806 118.39887773104 -26.91679966121 0.350344 0.2351 -2.657 0.168 3.526 0.215 19.242422 0.00372 1.558775 0.04539853761961942 19.823 0.031 0.94 0.046 "" "" 1.843 0.037 0.98 1
"Gaia EDR3 5601926604397595520" -0.020309 -0.008663 118.42175943455 -26.96352835923 0.136096 0.0697 -2.582 0.055 3.603 0.071 17.490393 0.002854 1.161589 0.00990779274107003 17.795 0.025 0.719 0.034 0.303 0.041 1.465 0.032 0.99 1
"Gaia EDR3 5601174396696157952" 0.022758 -0.097904 118.47009904956 -27.05276830724 0.189194 0.1066 -2.496 0.085 3.513 0.111 18.110996 0.00299 1.231104 0.016697947688263968 18.385 0.033 0.774 0.044 0.179 0.056 1.536 0.039 0.99 1
"Gaia EDR3 5601199689774918144" 0.063588 0.032228 118.51586332558 -26.92262049199 0.134133 0.0564 -2.56 0.041 3.557 0.06 16.975512 0.002821 1.046152 0.007374971525368759 17.26 0.027 0.51 0.033 0.341 0.037 1.352 0.033 0.98 1
"Gaia EDR3 5601175500517457152" -0.020373 -0.049674 118.42167984946 -27.00453849637 0.280079 0.0112 -2.568 0.009 3.681 0.011 11.900402 0.002759 1.806921 0.004726806109837805 12.487 0.033 1.52 0.039 1.461 0.027 2.025 0.044 0.99 1
"Gaia EDR3 5601175534877184512" -0.011037 -0.043555 118.43215866708 -26.99842171727 0.31421 0.049 -2.485 0.041 3.606 0.051 16.861118 0.002801 0.909687 0.007445082269525301 17.043 0.025 0.537 0.032 0.233 0.031 1.244 0.031 0.99 1
"Gaia EDR3 5601926535678121088" -0.017788 -0.020616 118.42458638586 -26.9754817485 0.22407899999999997 0.0464 -2.686 0.036 3.651 0.045 16.663874 0.002794 0.875643 0.0058753942846416695 16.856 0.023 0.469 0.029 0.251 0.033 1.177 0.029 0.99 1
"Gaia EDR3 5601175122560348416" -0.017356 -0.084409 118.42505960118 -27.03927421082 0.21181899999999998 0.0998 -2.635 0.084 3.681 0.105 17.972643 0.003031 1.605656 0.016907694461398337 18.389 0.028 1.171 0.039 0.502 0.066 1.866 0.035 0.99 1
"Gaia EDR3 5601198418464599424" 0.098015 -0.029568 118.55453486284 -26.9843919077 0.27911400000000003 0.0129 -2.661 0.01 3.676 0.014 12.707894 0.002776 0.397367 0.01015311306939896 12.765 0.056 0.103 0.077 -0.346 0.063 0.768 0.072 0.98 1
"Gaia EDR3 5601173748170868224" -0.071934 -0.105196 118.36376876868 -27.06004030158 0.221438 0.0886 -2.654 0.071 3.677 0.09 17.780048 0.002892 1.10828 0.011674152003464748 17.911 0.028 0.773 0.036 0.13 0.041 1.383 0.035 0.99 1
"Gaia EDR3 5601930487047613568" -0.127794 0.046966 118.30123602116 -26.90782815371 0.166784 0.0539 -2.629 0.041 3.658 0.057 16.930573 0.002819 0.888453 0.008741969171759872 17.094 0.019 0.572 0.022 0.073 0.024 1.14 0.025 0.98 1
"Gaia EDR3 5601924852037833216" -0.086779 -0.039102 118.34715630417 -26.99393512466 0.16431500000000002 0.191 -2.668 0.151 3.484 0.186 19.018284 0.00334 1.311808 0.03494638426218083 19.279 0.036 1.002 0.048 0.664 0.09 1.595 0.046 0.99 1
"Gaia EDR3 5601173881300099712" -0.053504 -0.079012 118.38447892192 -27.03386639649 0.128348 0.1536 -2.666 0.122 3.538 0.154 18.661304 0.003166 1.52474 0.03421956143786767 18.973 0.036 1.111 0.047 0.798 0.104 1.731 0.044 0.99 1
"Gaia EDR3 5601175221329900928" 0.000534 -0.072022 118.44514497959 -27.02688843703 0.235293 0.0465 -2.719 0.038 3.49 0.049 16.7302 0.002802 1.006342 0.006601552696146566 16.92 0.027 0.605 0.035 0.458 0.04 1.286 0.031 0.99 1
"Gaia EDR3 5601172579939747072" -0.025093 -0.152737 118.41635580475 -27.10760099359 0.250131 0.0206 -2.741 0.017 3.562 0.02 14.854973 0.002766 0.666368 0.0049228000162509136 14.84 0.022 0.409 0.03 -0.047 0.029 1.013 0.037 0.99 1
"Gaia EDR3 5601175668008346624" 0.029275 -0.042997 118.47740092189 -26.99785982308 0.244616 0.0789 -2.742 0.063 3.562 0.085 17.667465 0.002884 1.214424 0.01965772451226235 18.006 0.029 0.737 0.036 0.309 0.041 1.539 0.033 0.99 1
"Gaia EDR3 5601173846940651008" -0.062323 -0.100762 118.37456452079 -27.05561148629 0.27598 0.1966 -2.45 0.152 3.577 0.211 18.984196 0.003332 1.23283 0.02660461615960659 19.185 0.033 0.912 0.045 0.291 0.088 1.563 0.042 0.99 1
"Gaia EDR3 5601173542012398208" -0.015951 -0.118902 118.42663132024 -27.07376764544 0.10746900000000001 0.0879 -2.581 0.073 3.578 0.093 17.776249 0.002894 1.314636 0.012973806881559476 18.039 0.025 0.911 0.034 0.252 0.043 1.63 0.033 0.98 1
"Gaia EDR3 5601926806246504192" -0.02524 0.002853 118.41623013634 -26.95201131468 0.149561 0.1624 -2.487 0.118 3.571 0.155 18.721243 0.00315 1.250418 0.025520248627315525 19.039 0.033 0.773 0.043 0.401 0.069 1.532 0.04 0.99 1
"Gaia EDR3 5601174671574084352" 0.073289 -0.072565 118.52681931792 -27.02740819105 0.11241200000000001 0.1101 -2.549 0.087 3.583 0.114 18.006842 0.002955 1.244528 0.018019198234105756 18.274 0.033 0.793 0.046 0.299 0.049 1.52 0.039 0.98 1
"Gaia EDR3 5601175431798587776" -0.017666 -0.059866 118.42471558851 -27.01473180571 0.301672 0.155 -2.717 0.13 3.639 0.165 18.743122 0.00319 1.369152 0.0346810977046575 18.826 0.033 1.067 0.05 0.26 0.077 1.467 0.038 0.99 1
"Gaia EDR3 5601950175179513088" 0.030175 0.012938 118.47839427516 -26.94192483374 0.128635 0.1313 -2.636 0.099 3.482 0.134 18.368628 0.003311 1.106001 0.03172502561070677 18.778 0.038 0.771 0.074 "" "" 1.7 0.043 0.98 1
"Gaia EDR3 5601924572863156736" -0.068569 -0.071241 118.36757111656 -27.02608700455 0.282931 0.0505 -2.503 0.042 3.683 0.052 16.907467 0.002807 0.974491 0.007405801509627435 17.048 0.031 0.64 0.038 0.227 0.035 1.304 0.039 0.99 1
"Gaia EDR3 5601926432598914048" -0.0447 -0.007356 118.39439480672 -26.96221440498 0.37832899999999997 0.0599 -2.666 0.049 3.635 0.061 17.15337 0.002821 1.001295 0.008435849275562004 17.356 0.026 0.597 0.034 0.212 0.035 1.315 0.033 0.99 1
"Gaia EDR3 5601173438933234816" -0.064859 -0.138645 118.37169216062 -27.09349353674 0.255855 0.0555 -2.634 0.043 3.406 0.057 16.992872 0.002813 1.19311 0.00933154060163701 17.119 0.027 0.855 0.034 0.194 0.034 1.456 0.036 0.99 1
"Gaia EDR3 5601175599287043712" 0.043605 -0.049385 118.49348663753 -27.00424325216 0.130304 0.1149 -2.647 0.086 3.471 0.127 18.234055 0.003012 1.31019 0.01867839460446213 18.581 0.032 0.76 0.041 0.34 0.054 1.595 0.037 0.99 1
"Gaia EDR3 5601175496208979712" -0.014427 -0.055713 118.42835239061 -27.01057919104 0.287672 0.073 -2.622 0.065 3.404 0.076 17.563599 0.002877 1.274542 0.017766083473855457 17.865 0.026 0.771 0.034 0.329 0.043 1.623 0.031 0.99 1
"Gaia EDR3 5601927184203631104" -0.086568 0.006931 118.34743311552 -26.94790252947 0.09873000000000001 0.0763 -2.631 0.062 3.537 0.08 17.642883 0.002872 1.019436 0.0150914525477172 17.864 0.029 0.581 0.036 0.194 0.04 1.29 0.038 0.98 1
"Gaia EDR3 5601174504084978048" 0.075091 -0.090988 118.52885614718 -27.04583023377 0.284234 0.0128 -2.652 0.01 3.712 0.013 11.854784 0.002764 1.957788 0.004889971063309066 12.512 0.028 1.633 0.039 1.569 0.036 2.196 0.036 0.98 1
"Gaia EDR3 5601926123361268224" -0.024822 -0.03979 118.41668865863 -26.99465405143 0.207994 0.0203 -2.723 0.017 3.655 0.021 14.452047 0.002765 0.65904 0.004819804249137095 14.574 0.026 0.35 0.031 0.071 0.024 1.012 0.035 0.99 1
"Gaia EDR3 5601926806246325632" -0.027541 -0.000856 118.41364748441 -26.95571949426 0.257084 0.1911 -2.702 0.14 3.431 0.197 19.056835 0.003402 1.451012 0.03412059238934752 19.475 0.034 1.002 0.05 "" "" 1.737 0.042 0.99 1
"Gaia EDR3 5601175496207820800" -0.021731 -0.060883 118.42015318704 -27.01574818334 0.25121099999999996 0.1922 -2.428 0.155 3.513 0.199 19.032515 0.003453 1.606726 0.03647143064098254 19.396 0.04 1.161 0.057 "" "" 1.853 0.045 0.99 1
"Gaia EDR3 5601926604383464448" -0.023584 -0.004565 118.41808572165 -26.95942944643 0.302866 0.1094 -2.497 0.082 3.425 0.108 18.172888 0.00294 1.080984 0.02140565077263478 18.397 0.025 0.721 0.035 0.246 0.044 1.378 0.033 0.99 1
"Gaia EDR3 5601175496207828096" -0.013329 -0.051794 118.42958496046 -27.00665974336 0.374369 0.236 -2.595 0.181 3.446 0.232 19.279427 0.003539 1.625574 0.042081081212345293 19.707 0.037 1.256 0.053 "" "" 1.821 0.044 0.99 1
"Gaia EDR3 5601927806988426368" -0.018327 0.044254 118.42399292608 -26.91061107093 0.375841 0.0604 -2.687 0.049 3.464 0.06 17.258179 0.002831 1.116068 0.008644038697275713 17.541 0.019 0.663 0.028 0.227 0.035 1.428 0.025 0.98 1
"Gaia EDR3 5601198487184079104" 0.085133 -0.022825 118.54007358009 -26.9776598134 0.115034 0.0658 -2.585 0.051 3.675 0.071 17.323006 0.002845 1.085014 0.010413570233114098 17.582 0.032 0.607 0.039 0.355 0.039 1.367 0.041 0.98 1
"Gaia EDR3 5601950793644141696" 0.05613 0.066545 118.50747899124 -26.8883076944 0.244921 0.2455 -2.521 0.165 3.395 0.237 19.25286 0.00363 1.360222 0.05014439759335034 19.633 0.039 0.943 0.057 "" "" 1.623 0.045 0.98 1
"Gaia EDR3 5601927046764848128" -0.010663 0.046883 118.4325884239 -26.90798289443 0.36488 0.0598 -2.543 0.047 3.709 0.06 17.14505 0.002832 0.99324 0.0097258914758494 17.357 0.02 0.552 0.029 0.248 0.033 1.284 0.025 0.98 1
"Gaia EDR3 5601199238787466752" 0.080276 -0.004941 118.5346089326 -26.95977915498 0.103183 0.1655 -2.603 0.13 3.441 0.176 18.88141 0.003279 1.301321 0.03924302899879162 19.294 0.042 0.8 0.053 0.324 0.077 1.649 0.052 0.98 1
"Gaia EDR3 5601925706734578304" -0.140923 -0.043021 118.28638747737 -26.99780010478 0.28394899999999995 0.101 -2.699 0.078 3.403 0.098 17.9895 0.002925 1.129221 0.013704031122264718 18.135 0.024 0.837 0.03 0.133 0.037 1.394 0.029 0.98 1
"Gaia EDR3 5601930482738678016" -0.124349 0.047746 118.30510017561 -26.90705228645 0.27635000000000004 0.2087 -2.711 0.152 3.409 0.21 19.160707 0.00341 1.284882 0.04192583642576496 19.441 0.03 0.937 0.042 0.454 0.098 1.506 0.035 0.98 1
"Gaia EDR3 5601175358768860672" -0.043805 -0.069552 118.39537133154 -27.0244101465 0.243211 0.0621 -2.566 0.053 3.755 0.064 17.300653 0.002835 0.991005 0.008765968799853214 17.471 0.03 0.597 0.038 0.167 0.039 1.303 0.039 0.99 1
"Gaia EDR3 5601926600088055552" -0.021757 -0.016798 118.42013314678 -26.97166233137 0.149596 0.2226 -2.422 0.169 3.556 0.208 19.237795 0.00348 1.342672 0.03845020973934993 19.617 0.04 0.884 0.051 0.513 0.125 1.659 0.048 0.99 1
"Gaia EDR3 5601175019481134464" -0.010944 -0.097534 118.43225730972 -27.05240029364 0.109652 0.0539 -2.731 0.047 3.568 0.056 16.972635 0.002817 1.069235 0.008185654097260646 17.132 0.024 0.683 0.031 0.356 0.034 1.349 0.029 0.98 1
"Gaia EDR3 5601175496207833216" -0.019949 -0.042999 118.42215637432 -26.99786438855 0.377948 0.1512 -2.569 0.118 3.405 0.15 18.666712 0.003237 1.494913 0.037208652286800176 19.115 0.038 0.961 0.05 0.652 0.077 1.801 0.044 0.99 1
"Gaia EDR3 5601927252922955776" -0.052999 0.007856 118.38509150755 -26.94699845042 0.374653 0.1191 -2.649 0.095 3.407 0.122 18.397514 0.003032 1.129347 0.02445365005474643 18.624 0.03 0.752 0.041 0.31 0.056 1.413 0.038 0.98 1
"Gaia EDR3 5601173846940338304" -0.058779 -0.103584 118.37854157204 -27.0584351563 0.334244 0.2306 -2.63 0.17 3.747 0.225 19.136917 0.003426 1.348888 0.021276204196237634 19.345 0.038 0.862 0.052 0.231 0.077 1.596 0.045 0.99 1
"Gaia EDR3 5601924577173066368" -0.062899 -0.060164 118.37394338476 -27.01501281375 0.28124699999999997 0.1456 -2.432 0.116 3.687 0.169 18.679623 0.003141 1.213453 0.022971981738631082 18.879 0.034 0.837 0.045 0.173 0.064 1.522 0.044 0.99 1
"Gaia EDR3 5601175500517459456" -0.024964 -0.047335 118.41652772017 -27.00219934518 0.153163 0.1291 -2.413 0.101 3.553 0.132 18.427284 0.003093 1.450848 0.026782925475011127 18.719 0.035 0.971 0.045 0.33 0.059 1.637 0.043 0.99 1
"Gaia EDR3 5601175156920070016" 0.002371 -0.081514 118.44720723532 -27.03638100784 0.242886 0.0657 -2.387 0.057 3.591 0.072 17.360483 0.002842 0.989952 0.015095688921013178 17.533 0.025 0.546 0.032 0.506 0.043 1.363 0.03 0.99 1
"Gaia EDR3 5601175186977785216" 0.018278 -0.082548 118.46506597279 -27.03741286944 0.15889 0.1791 -2.772 0.149 3.489 0.199 18.960468 0.003332 1.410324 0.045500197318253464 19.266 0.039 0.994 0.054 0.577 0.105 1.621 0.045 0.99 1
"Gaia EDR3 5601174327976676864" 0.024568 -0.099724 118.47213180332 -27.05458820002 0.201671 0.0886 -2.421 0.073 3.452 0.093 17.86134 0.003093 1.190352 0.016040420100483652 18.149 0.033 0.688 0.043 0.282 0.044 1.504 0.039 0.99 1
"Gaia EDR3 5601926192080751360" -0.035926 -0.037434 118.40422771396 -26.99229549514 0.14033299999999999 0.0843 -2.486 0.068 3.418 0.084 17.821222 0.002888 1.198582 0.015828948701666828 18.079 0.028 0.759 0.035 0.259 0.04 1.473 0.034 0.99 1
"Gaia EDR3 5601925023849719040" -0.148817 -0.081114 118.2774710384 -27.0358825795 0.283207 0.0185 -2.646 0.015 3.776 0.018 14.676266 0.002774 0.377313 0.0048340148944743646 14.623 0.019 0.234 0.024 0.003 0.021 0.69 0.029 0.98 1
"Gaia EDR3 5601924474080964480" -0.060851 -0.08461 118.37622722416 -27.03946061898 0.126634 0.1721 -2.762 0.145 3.486 0.188 18.866234 0.003225 1.305244 0.029503607931912326 19.107 0.04 0.973 0.052 0.356 0.09 1.606 0.047 0.99 1
"Gaia EDR3 5601924366705022208" -0.073832 -0.094923 118.36164478724 -27.04976578937 0.313712 0.2767 -2.727 0.203 3.394 0.272 19.449806 0.003873 1.475233 0.045347790298977085 19.733 0.042 1.056 0.058 "" "" 1.722 0.053 0.99 1
"Gaia EDR3 5601175741036230272" 0.056187 -0.034485 118.50759930725 -26.98933739352 0.056508 0.2017 -2.622 0.156 3.673 0.217 19.043825 0.003493 1.399223 0.038143292464075516 19.446 0.04 0.879 0.052 0.407 0.091 1.674 0.046 0.98 1
"Gaia EDR3 5601175259999276544" 0.00131 -0.063244 118.44601620194 -27.01811066368 0.272239 0.031 -2.375 0.026 3.622 0.033 15.92341 0.00278 0.740249 0.0067163752873108575 16.055 0.026 0.399 0.033 0.276 0.031 1.041 0.028 0.99 1
"Gaia EDR3 5601924336654928640" -0.091371 -0.109237 118.34193876663 -27.06406687764 0.267115 0.0522 -2.716 0.041 3.351 0.053 16.91335 0.002811 0.909742 0.007092215450760079 16.987 0.024 0.586 0.029 0.167 0.031 1.221 0.033 0.99 1
"Gaia EDR3 5601951270380483968" -0.015229 0.067719 118.42747030385 -26.88714725211 0.250063 0.1844 -2.598 0.131 3.815 0.175 19.00372 0.003277 1.343967 0.030181196861622305 19.373 0.024 0.91 0.034 "" "" 1.658 0.029 0.98 1
"Gaia EDR3 5601175122560944128" -0.004586 -0.08285 118.43939723397 -27.03771705414 0.23863900000000002 0.2757 -2.847 0.211 3.614 0.291 19.521282 0.003864 1.829733 0.07312364280449929 20.036 0.045 1.25 0.068 "" "" 2.068 0.05 0.99 1
"Gaia EDR3 5601175427488346368" -0.01179 -0.056884 118.43131234214 -27.01175038327 0.35596300000000003 0.2217 -2.36 0.171 3.561 0.211 19.168486 0.003465 1.464582 0.04498372151123115 19.464 0.036 0.924 0.051 0.506 0.089 1.679 0.041 0.98 1
"Gaia EDR3 5601927252922993536" -0.058202 0.018486 118.37926134559 -26.93636566644 0.206032 0.2546 -2.356 0.183 3.653 0.242 19.43516 0.003688 1.329452 0.06640748338854591 19.825 0.044 0.981 0.059 "" "" 1.682 0.054 0.98 1
"Gaia EDR3 5601925638024608384" -0.122105 -0.037301 118.30751298562 -26.99210173759 0.114455 0.5048 -2.736 0.35 3.349 0.478 20.142447 0.004902 1.595264 0.09329061844580086 20.7 0.046 1.265 0.101 "" "" 2.072 0.054 0.98 1
"Gaia EDR3 5601172644349449984" -0.031203 -0.14069 118.40949616398 -27.09555237665 0.259401 0.0985 -2.528 0.074 3.309 0.1 17.970615 0.002931 1.198168 0.014333507177240329 18.135 0.028 0.815 0.037 0.204 0.043 1.537 0.036 0.99 1
"Gaia EDR3 5601931620918971136" -0.14157 0.085499 118.28584246854 -26.86927873622 0.27734200000000003 0.0513 -2.843 0.039 3.647 0.051 16.823465 0.002802 0.863882 0.006924858771123062 16.982 0.016 0.592 0.02 0.004 0.022 1.054 0.021 0.98 1
"Gaia EDR3 5601174847682375936" 0.043868 -0.062699 118.49378718524 -27.01755678187 0.24788400000000002 0.0528 -2.346 0.043 3.657 0.059 16.875328 0.002821 0.812761 0.007945200123344912 17.024 0.024 0.458 0.032 0.326 0.035 1.15 0.03 0.98 1
"Gaia EDR3 5601173645091666816" -0.075471 -0.123852 118.35978340211 -27.07869317366 0.30867100000000003 0.0771 -2.764 0.059 3.36 0.077 17.57725 0.002864 1.123941 0.009194737299129323 17.708 0.03 0.74 0.037 0.164 0.038 1.414 0.039 0.98 1
"Gaia EDR3 5601926084691691520" -0.051907 -0.045398 118.38628920926 -27.00025283873 0.087549 0.2229 -2.528 0.185 3.357 0.209 19.169641 0.003484 1.590942 0.03822803759022951 19.584 0.039 1.168 0.056 "" "" 1.865 0.047 0.98 1
"Gaia EDR3 5601925092555257344" -0.154452 -0.078573 118.27114857996 -27.03333395189 0.1632 0.5719 -2.637 0.387 3.294 0.569 20.388405 0.005508 1.61322 0.13196727838748512 20.703 0.043 1.464 0.122 "" "" 1.807 0.046 0.98 1
"Gaia EDR3 5601175466157700608" -0.00197 -0.044151 118.44233454455 -26.99901783513 0.14557 0.0501 -2.347 0.042 3.596 0.052 16.904285 0.002809 0.973644 0.007484088855699136 17.106 0.026 0.573 0.033 0.328 0.034 1.288 0.031 0.98 1
"Gaia EDR3 5601924267935468288" -0.134629 -0.088448 118.2933902183 -27.04323396627 0.17924400000000001 0.1385 -2.637 0.105 3.298 0.141 18.52343 0.003082 1.22418 0.026273392186773298 18.717 0.029 0.878 0.036 0.362 0.057 1.467 0.035 0.98 1
"Gaia EDR3 5601924577173072256" -0.071161 -0.063005 118.36466703199 -27.01784980758 0.28091700000000003 0.0632 -2.351 0.056 3.695 0.067 17.322908 0.00284 1.017576 0.009696172904811465 17.485 0.03 0.661 0.036 0.176 0.038 1.33 0.04 0.98 1
"Gaia EDR3 5601930452674309376" -0.138677 0.021662 118.28899715107 -26.93311997015 0.163943 0.2082 -2.708 0.151 3.32 0.205 19.134617 0.003379 1.375536 0.07501632329699984 19.461 0.038 0.965 0.085 0.277 0.132 1.656 0.043 0.98 1
"Gaia EDR3 5601924710302418432" -0.11176 -0.059494 118.3190980434 -27.01430550634 0.08534499999999999 0.5289 -2.848 0.381 3.447 0.577 20.41183 0.005862 1.313581 0.15146781296697986 20.711 0.065 1.2 0.107 "" "" 1.807 0.069 0.98 1
"Gaia EDR3 5601929181364838272" -0.14888 0.031509 118.27756762909 -26.92325930767 0.272231 0.2298 -2.878 0.172 3.621 0.228 19.26208 0.003485 1.135881 0.0629256750539873 19.536 0.03 0.854 0.042 0.191 0.092 1.448 0.038 0.98 1
"Gaia EDR3 5601924538503410560" -0.07232 -0.075542 118.36335712595 -27.03038534536 0.27915100000000004 0.1593 -2.674 0.129 3.84 0.165 18.845118 0.003212 1.364834 0.02753206788455963 19.048 0.037 0.902 0.047 0.349 0.063 1.596 0.045 0.99 1
"Gaia EDR3 5601173228465005312" -0.089405 -0.142069 118.34411756613 -27.0969004506 0.176914 0.0679 -2.777 0.053 3.775 0.068 17.373238 0.002839 1.224476 0.009819883909700766 17.535 0.025 0.84 0.032 0.278 0.036 1.51 0.035 0.98 1
